0 0.9 0.9
0.01 0.8952 0.8991
0.02 0.890436 0.898193
0.03 0.885709 0.897278
0.04 0.881017 0.896357
0.05 0.876361 0.895428
0.06 0.871741 0.894491
0.07 0.867155 0.893548
0.08 0.862605 0.892596
0.09 0.85809 0.891638
0.1 0.853609 0.890671
0.11 0.849163 0.889698
0.12 0.84475 0.888716
0.13 0.840372 0.887727
0.14 0.836028 0.886731
0.15 0.831717 0.885726
0.16 0.827439 0.884714
0.17 0.823195 0.883694
0.18 0.818983 0.882666
0.19 0.814805 0.881631
0.2 0.810659 0.880587
0.21 0.806545 0.879536
0.22 0.802464 0.878476
0.23 0.798414 0.877409
0.24 0.794396 0.876333
0.25 0.79041 0.875249
0.26 0.786456 0.874157
0.27 0.782532 0.873057
0.28 0.77864 0.871949
0.29 0.774778 0.870832
0.3 0.770947 0.869708
0.31 0.767147 0.868574
0.32 0.763377 0.867433
0.33 0.759637 0.866283
0.34 0.755927 0.865125
0.35 0.752247 0.863958
0.36 0.748597 0.862782
0.37 0.744976 0.861598
0.38 0.741384 0.860406
0.39 0.737821 0.859205
0.4 0.734288 0.857995
0.41 0.730783 0.856777
0.42 0.727306 0.85555
0.43 0.723858 0.854314
0.44 0.720439 0.853069
0.45 0.717047 0.851816
0.46 0.713684 0.850554
0.47 0.710348 0.849282
0.48 0.70704 0.848002
0.49 0.703759 0.846714
0.5 0.700506 0.845416
0.51 0.697279 0.844109
0.52 0.69408 0.842793
0.53 0.690908 0.841468
0.54 0.687762 0.840134
0.55 0.684643 0.838791
0.56 0.68155 0.837439
0.57 0.678484 0.836077
0.58 0.675444 0.834707
0.59 0.672429 0.833327
0.6 0.669441 0.831938
0.61 0.666478 0.83054
0.62 0.663541 0.829132
0.63 0.660629 0.827716
0.64 0.657742 0.82629
0.65 0.654881 0.824854
0.66 0.652044 0.82341
0.67 0.649232 0.821956
0.68 0.646445 0.820492
0.69 0.643683 0.819019
0.7 0.640945 0.817537
0.71 0.638231 0.816045
0.72 0.635542 0.814544
0.73 0.632876 0.813034
0.74 0.630235 0.811514
0.75 0.627617 0.809984
0.76 0.625023 0.808445
0.77 0.622453 0.806896
0.78 0.619906 0.805338
0.79 0.617382 0.80377
0.8 0.614881 0.802193
0.81 0.612404 0.800606
0.82 0.609949 0.79901
0.83 0.607518 0.797404
0.84 0.605109 0.795789
0.85 0.602722 0.794163
0.86 0.600358 0.792529
0.87 0.598017 0.790884
0.88 0.595697 0.789231
0.89 0.5934 0.787567
0.9 0.591125 0.785894
0.91 0.588871 0.784211
0.92 0.58664 0.782519
0.93 0.58443 0.780817
0.94 0.582242 0.779106
0.95 0.580075 0.777385
0.96 0.57793 0.775654
0.97 0.575805 0.773914
0.98 0.573703 0.772165
0.99 0.571621 0.770405
1 0.56956 0.768636
1.01 0.56752 0.766858
1.02 0.5655 0.76507
1.03 0.563502 0.763273
1.04 0.561524 0.761466
1.05 0.559566 0.75965
1.06 0.557629 0.757824
1.07 0.555712 0.755989
1.08 0.553815 0.754144
1.09 0.551939 0.75229
1.1 0.550082 0.750426
1.11 0.548245 0.748553
1.12 0.546428 0.746671
1.13 0.544631 0.74478
1.14 0.542854 0.742879
1.15 0.541096 0.740969
1.16 0.539357 0.739049
1.17 0.537638 0.737121
1.18 0.535938 0.735183
1.19 0.534258 0.733236
1.2 0.532596 0.73128
1.21 0.530954 0.729315
1.22 0.52933 0.727341
1.23 0.527726 0.725358
1.24 0.52614 0.723366
1.25 0.524573 0.721365
1.26 0.523025 0.719355
1.27 0.521495 0.717336
1.28 0.519984 0.715308
1.29 0.518491 0.713272
1.3 0.517017 0.711227
1.31 0.515561 0.709173
1.32 0.514123 0.70711
1.33 0.512703 0.705039
1.34 0.511301 0.70296
1.35 0.509918 0.700872
1.36 0.508552 0.698775
1.37 0.507204 0.69667
1.38 0.505874 0.694557
1.39 0.504562 0.692435
1.4 0.503267 0.690306
1.41 0.50199 0.688168
1.42 0.500731 0.686022
1.43 0.499489 0.683868
1.44 0.498264 0.681706
1.45 0.497057 0.679536
1.46 0.495867 0.677359
1.47 0.494695 0.675173
1.48 0.493539 0.67298
1.49 0.492401 0.670779
1.5 0.49128 0.668571
1.51 0.490176 0.666355
1.52 0.489088 0.664132
1.53 0.488018 0.661901
1.54 0.486965 0.659663
1.55 0.485928 0.657418
1.56 0.484908 0.655166
1.57 0.483905 0.652907
1.58 0.482918 0.650641
1.59 0.481948 0.648368
1.6 0.480995 0.646088
1.61 0.480058 0.643801
1.62 0.479137 0.641508
1.63 0.478233 0.639208
1.64 0.477346 0.636902
1.65 0.476474 0.634589
1.66 0.475619 0.63227
1.67 0.474781 0.629945
1.68 0.473958 0.627614
1.69 0.473152 0.625277
1.7 0.472361 0.622934
1.71 0.471587 0.620585
1.72 0.470829 0.618231
1.73 0.470087 0.61587
1.74 0.46936 0.613505
1.75 0.46865 0.611134
1.76 0.467956 0.608757
1.77 0.467277 0.606375
1.78 0.466614 0.603988
1.79 0.465967 0.601597
1.8 0.465336 0.5992
1.81 0.464721 0.596798
1.82 0.464121 0.594392
1.83 0.463537 0.591981
1.84 0.462968 0.589566
1.85 0.462415 0.587146
1.86 0.461878 0.584722
1.87 0.461356 0.582294
1.88 0.46085 0.579861
1.89 0.460359 0.577425
1.9 0.459884 0.574985
1.91 0.459424 0.572541
1.92 0.45898 0.570094
1.93 0.458551 0.567643
1.94 0.458137 0.565189
1.95 0.457739 0.562731
1.96 0.457356 0.560271
1.97 0.456989 0.557807
1.98 0.456637 0.55534
1.99 0.4563 0.552871
2 0.455978 0.550399
2.01 0.455671 0.547924
2.02 0.45538 0.545447
2.03 0.455104 0.542968
2.04 0.454844 0.540486
2.05 0.454598 0.538003
2.06 0.454368 0.535517
2.07 0.454153 0.53303
2.08 0.453953 0.530541
2.09 0.453768 0.52805
2.1 0.453598 0.525558
2.11 0.453443 0.523064
2.12 0.453304 0.52057
2.13 0.45318 0.518074
2.14 0.45307 0.515577
2.15 0.452976 0.51308
2.16 0.452897 0.510581
2.17 0.452833 0.508083
2.18 0.452785 0.505583
2.19 0.452751 0.503084
2.2 0.452732 0.500584
2.21 0.452729 0.498084
2.22 0.45274 0.495584
2.23 0.452767 0.493084
2.24 0.452809 0.490584
2.25 0.452866 0.488085
2.26 0.452938 0.485587
2.27 0.453025 0.483089
2.28 0.453127 0.480592
2.29 0.453244 0.478095
2.3 0.453376 0.4756
2.31 0.453524 0.473106
2.32 0.453687 0.470613
2.33 0.453864 0.468122
2.34 0.454057 0.465632
2.35 0.454265 0.463144
2.36 0.454489 0.460658
2.37 0.454727 0.458173
2.38 0.454981 0.45569
2.39 0.455249 0.45321
2.4 0.455533 0.450732
2.41 0.455833 0.448256
2.42 0.456147 0.445783
2.43 0.456477 0.443312
2.44 0.456822 0.440845
2.45 0.457182 0.43838
2.46 0.457558 0.435918
2.47 0.457949 0.433459
2.48 0.458355 0.431003
2.49 0.458777 0.428551
2.5 0.459214 0.426102
2.51 0.459666 0.423656
2.52 0.460134 0.421214
2.53 0.460617 0.418777
2.54 0.461116 0.416343
2.55 0.461631 0.413912
2.56 0.462161 0.411487
2.57 0.462706 0.409065
2.58 0.463267 0.406648
2.59 0.463844 0.404235
2.6 0.464436 0.401826
2.61 0.465044 0.399423
2.62 0.465667 0.397024
2.63 0.466307 0.39463
2.64 0.466962 0.392241
2.65 0.467633 0.389857
2.66 0.46832 0.387479
2.67 0.469022 0.385105
2.68 0.469741 0.382737
2.69 0.470475 0.380375
2.7 0.471226 0.378018
2.71 0.471992 0.375667
2.72 0.472774 0.373321
2.73 0.473573 0.370982
2.74 0.474388 0.368648
2.75 0.475219 0.366321
2.76 0.476066 0.363999
2.77 0.476929 0.361684
2.78 0.477808 0.359376
2.79 0.478704 0.357073
2.8 0.479617 0.354778
2.81 0.480545 0.352489
2.82 0.48149 0.350206
2.83 0.482452 0.34793
2.84 0.48343 0.345662
2.85 0.484425 0.3434
2.86 0.485437 0.341145
2.87 0.486465 0.338898
2.88 0.48751 0.336657
2.89 0.488571 0.334424
2.9 0.48965 0.332198
2.91 0.490746 0.32998
2.92 0.491858 0.327769
2.93 0.492988 0.325565
2.94 0.494134 0.32337
2.95 0.495298 0.321182
2.96 0.496479 0.319001
2.97 0.497677 0.316829
2.98 0.498892 0.314664
2.99 0.500125 0.312508
3 0.501375 0.310359
3.01 0.502643 0.308219
3.02 0.503929 0.306087
3.03 0.505231 0.303963
3.04 0.506552 0.301847
3.05 0.50789 0.29974
3.06 0.509246 0.297641
3.07 0.51062 0.29555
3.08 0.512012 0.293468
3.09 0.513422 0.291395
3.1 0.51485 0.28933
3.11 0.516297 0.287274
3.12 0.517761 0.285226
3.13 0.519244 0.283188
3.14 0.520745 0.281158
3.15 0.522264 0.279137
3.16 0.523802 0.277125
3.17 0.525359 0.275121
3.18 0.526934 0.273127
3.19 0.528528 0.271142
3.2 0.530141 0.269165
3.21 0.531772 0.267198
3.22 0.533423 0.26524
3.23 0.535093 0.263291
3.24 0.536782 0.261352
3.25 0.53849 0.259421
3.26 0.540217 0.2575
3.27 0.541964 0.255588
3.28 0.54373 0.253685
3.29 0.545515 0.251792
3.3 0.547321 0.249908
3.31 0.549146 0.248034
3.32 0.550991 0.246169
3.33 0.552856 0.244313
3.34 0.55474 0.242467
3.35 0.556645 0.24063
3.36 0.55857 0.238803
3.37 0.560515 0.236985
3.38 0.562481 0.235177
3.39 0.564467 0.233378
3.4 0.566474 0.231589
3.41 0.568501 0.229809
3.42 0.570549 0.228039
3.43 0.572618 0.226279
3.44 0.574708 0.224528
3.45 0.576819 0.222787
3.46 0.578951 0.221055
3.47 0.581104 0.219334
3.48 0.583279 0.217621
3.49 0.585475 0.215919
3.5 0.587692 0.214226
3.51 0.589932 0.212542
3.52 0.592193 0.210869
3.53 0.594476 0.209205
3.54 0.596781 0.20755
3.55 0.599108 0.205906
3.56 0.601457 0.20427
3.57 0.603829 0.202645
3.58 0.606223 0.201029
3.59 0.608639 0.199423
3.6 0.611078 0.197826
3.61 0.61354 0.19624
3.62 0.616025 0.194662
3.63 0.618533 0.193095
3.64 0.621064 0.191537
3.65 0.623619 0.189988
3.66 0.626197 0.188449
3.67 0.628798 0.18692
3.68 0.631423 0.1854
3.69 0.634071 0.18389
3.7 0.636744 0.182389
3.71 0.63944 0.180898
3.72 0.642161 0.179416
3.73 0.644906 0.177944
3.74 0.647675 0.176481
3.75 0.650469 0.175028
3.76 0.653287 0.173584
3.77 0.65613 0.172149
3.78 0.658999 0.170724
3.79 0.661892 0.169308
3.8 0.66481 0.167902
3.81 0.667754 0.166505
3.82 0.670723 0.165117
3.83 0.673718 0.163738
3.84 0.676739 0.162369
3.85 0.679785 0.161009
3.86 0.682858 0.159658
3.87 0.685957 0.158316
3.88 0.689082 0.156984
3.89 0.692233 0.155661
3.9 0.695411 0.154346
3.91 0.698616 0.153041
3.92 0.701848 0.151745
3.93 0.705107 0.150458
3.94 0.708393 0.149179
3.95 0.711707 0.14791
3.96 0.715048 0.14665
3.97 0.718417 0.145398
3.98 0.721814 0.144156
3.99 0.725238 0.142922
4 0.728691 0.141697
4.01 0.732172 0.140481
4.02 0.735682 0.139273
4.03 0.739221 0.138075
4.04 0.742788 0.136885
4.05 0.746384 0.135703
4.06 0.750009 0.13453
4.07 0.753664 0.133366
4.08 0.757348 0.13221
4.09 0.761062 0.131063
4.1 0.764806 0.129924
4.11 0.76858 0.128794
4.12 0.772384 0.127671
4.13 0.776218 0.126558
4.14 0.780083 0.125452
4.15 0.783979 0.124355
4.16 0.787906 0.123266
4.17 0.791863 0.122186
4.18 0.795853 0.121113
4.19 0.799873 0.120049
4.2 0.803925 0.118992
4.21 0.808009 0.117944
4.22 0.812125 0.116904
4.23 0.816274 0.115871
4.24 0.820454 0.114847
4.25 0.824668 0.11383
4.26 0.828914 0.112821
4.27 0.833193 0.11182
4.28 0.837505 0.110827
4.29 0.841851 0.109842
4.3 0.846231 0.108864
4.31 0.850644 0.107894
4.32 0.855091 0.106931
4.33 0.859572 0.105976
4.34 0.864088 0.105029
4.35 0.868639 0.104089
4.36 0.873224 0.103157
4.37 0.877845 0.102231
4.38 0.8825 0.101314
4.39 0.887192 0.100403
4.4 0.891919 0.0994998
4.41 0.896681 0.0986038
4.42 0.90148 0.097715
4.43 0.906316 0.0968334
4.44 0.911188 0.0959588
4.45 0.916096 0.0950913
4.46 0.921042 0.0942308
4.47 0.926025 0.0933773
4.48 0.931046 0.0925307
4.49 0.936104 0.091691
4.5 0.9412 0.0908582
4.51 0.946335 0.0900321
4.52 0.951508 0.0892129
4.53 0.956719 0.0884003
4.54 0.96197 0.0875945
4.55 0.967259 0.0867953
4.56 0.972589 0.0860027
4.57 0.977957 0.0852166
4.58 0.983366 0.084437
4.59 0.988814 0.083664
4.6 0.994303 0.0828973
4.61 0.999833 0.0821371
4.62 1.0054 0.0813832
4.63 1.01102 0.0806356
4.64 1.01667 0.0798942
4.65 1.02236 0.0791591
4.66 1.0281 0.0784302
4.67 1.03388 0.0777074
4.68 1.0397 0.0769907
4.69 1.04556 0.0762801
4.7 1.05147 0.0755755
4.71 1.05742 0.0748768
4.72 1.06342 0.0741841
4.73 1.06945 0.0734973
4.74 1.07553 0.0728164
4.75 1.08166 0.0721412
4.76 1.08783 0.0714719
4.77 1.09405 0.0708082
4.78 1.10031 0.0701503
4.79 1.10661 0.069498
4.8 1.11297 0.0688513
4.81 1.11936 0.0682102
4.82 1.12581 0.0675746
4.83 1.1323 0.0669445
4.84 1.13884 0.0663199
4.85 1.14542 0.0657007
4.86 1.15206 0.0650868
4.87 1.15874 0.0644783
4.88 1.16546 0.0638751
4.89 1.17224 0.0632772
4.9 1.17907 0.0626845
4.91 1.18594 0.0620969
4.92 1.19287 0.0615145
4.93 1.19984 0.0609372
4.94 1.20687 0.0603649
4.95 1.21394 0.0597977
4.96 1.22106 0.0592355
4.97 1.22824 0.0586783
4.98 1.23547 0.0581259
4.99 1.24275 0.0575784
5 1.25008 0.0570358
