0 0.9 0.9
0.01 0.895218 0.899096
0.02 0.890473 0.898186
0.03 0.885763 0.897267
0.04 0.881089 0.896342
0.05 0.87645 0.895409
0.06 0.871847 0.894469
0.07 0.867279 0.893521
0.08 0.862746 0.892566
0.09 0.858248 0.891603
0.1 0.853784 0.890633
0.11 0.849354 0.889655
0.12 0.844958 0.88867
0.13 0.840596 0.887677
0.14 0.836268 0.886676
0.15 0.831973 0.885667
0.16 0.827711 0.88465
0.17 0.823483 0.883626
0.18 0.819287 0.882594
0.19 0.815124 0.881554
0.2 0.810993 0.880505
0.21 0.806895 0.879449
0.22 0.802829 0.878385
0.23 0.798794 0.877313
0.24 0.794791 0.876232
0.25 0.79082 0.875144
0.26 0.78688 0.874047
0.27 0.782971 0.872942
0.28 0.779093 0.871829
0.29 0.775246 0.870707
0.3 0.771429 0.869577
0.31 0.767643 0.868439
0.32 0.763887 0.867292
0.33 0.760161 0.866137
0.34 0.756465 0.864973
0.35 0.752799 0.863801
0.36 0.749162 0.86262
0.37 0.745554 0.861431
0.38 0.741976 0.860233
0.39 0.738427 0.859026
0.4 0.734906 0.857811
0.41 0.731415 0.856587
0.42 0.727951 0.855354
0.43 0.724516 0.854112
0.44 0.72111 0.852862
0.45 0.717731 0.851602
0.46 0.71438 0.850334
0.47 0.711057 0.849057
0.48 0.707761 0.847771
0.49 0.704493 0.846476
0.5 0.701252 0.845172
0.51 0.698038 0.843859
0.52 0.694852 0.842537
0.53 0.691691 0.841205
0.54 0.688558 0.839865
0.55 0.685451 0.838516
0.56 0.68237 0.837157
0.57 0.679316 0.835789
0.58 0.676287 0.834412
0.59 0.673285 0.833026
0.6 0.670308 0.83163
0.61 0.667357 0.830225
0.62 0.664431 0.828811
0.63 0.661531 0.827388
0.64 0.658656 0.825955
0.65 0.655806 0.824513
0.66 0.652981 0.823061
0.67 0.65018 0.8216
0.68 0.647405 0.820129
0.69 0.644654 0.81865
0.7 0.641927 0.81716
0.71 0.639224 0.815661
0.72 0.636546 0.814153
0.73 0.633892 0.812635
0.74 0.631261 0.811108
0.75 0.628655 0.809571
0.76 0.626072 0.808024
0.77 0.623512 0.806469
0.78 0.620976 0.804903
0.79 0.618463 0.803328
0.8 0.615973 0.801743
0.81 0.613506 0.800149
0.82 0.611063 0.798545
0.83 0.608642 0.796931
0.84 0.606243 0.795308
0.85 0.603868 0.793676
0.86 0.601514 0.792033
0.87 0.599183 0.790381
0.88 0.596874 0.78872
0.89 0.594588 0.787048
0.9 0.592323 0.785368
0.91 0.59008 0.783677
0.92 0.587859 0.781977
0.93 0.58566 0.780267
0.94 0.583482 0.778548
0.95 0.581326 0.776819
0.96 0.579191 0.775081
0.97 0.577077 0.773332
0.98 0.574984 0.771575
0.99 0.572913 0.769808
1 0.570862 0.768031
1.01 0.568833 0.766244
1.02 0.566824 0.764448
1.03 0.564835 0.762643
1.04 0.562868 0.760828
1.05 0.56092 0.759004
1.06 0.558994 0.75717
1.07 0.557087 0.755326
1.08 0.5552 0.753474
1.09 0.553334 0.751611
1.1 0.551488 0.74974
1.11 0.549661 0.747859
1.12 0.547855 0.745968
1.13 0.546068 0.744069
1.14 0.544301 0.74216
1.15 0.542553 0.740242
1.16 0.540825 0.738314
1.17 0.539116 0.736377
1.18 0.537426 0.734432
1.19 0.535756 0.732477
1.2 0.534105 0.730513
1.21 0.532473 0.728539
1.22 0.53086 0.726557
1.23 0.529266 0.724566
1.24 0.52769 0.722566
1.25 0.526134 0.720557
1.26 0.524596 0.718539
1.27 0.523077 0.716512
1.28 0.521576 0.714476
1.29 0.520094 0.712432
1.3 0.51863 0.710379
1.31 0.517184 0.708317
1.32 0.515757 0.706247
1.33 0.514347 0.704168
1.34 0.512956 0.70208
1.35 0.511583 0.699985
1.36 0.510228 0.69788
1.37 0.508891 0.695768
1.38 0.507571 0.693647
1.39 0.50627 0.691518
1.4 0.504986 0.68938
1.41 0.503719 0.687235
1.42 0.502471 0.685082
1.43 0.501239 0.68292
1.44 0.500026 0.680751
1.45 0.498829 0.678574
1.46 0.49765 0.676389
1.47 0.496488 0.674196
1.48 0.495344 0.671996
1.49 0.494216 0.669788
1.5 0.493106 0.667572
1.51 0.492013 0.665349
1.52 0.490937 0.663119
1.53 0.489877 0.660881
1.54 0.488835 0.658637
1.55 0.487809 0.656385
1.56 0.486801 0.654126
1.57 0.485809 0.65186
1.58 0.484833 0.649587
1.59 0.483875 0.647307
1.6 0.482933 0.645021
1.61 0.482007 0.642728
1.62 0.481098 0.640429
1.63 0.480205 0.638123
1.64 0.479329 0.63581
1.65 0.47847 0.633491
1.66 0.477626 0.631167
1.67 0.476799 0.628836
1.68 0.475988 0.626499
1.69 0.475193 0.624156
1.7 0.474415 0.621807
1.71 0.473652 0.619452
1.72 0.472906 0.617092
1.73 0.472176 0.614727
1.74 0.471461 0.612356
1.75 0.470763 0.609979
1.76 0.470081 0.607598
1.77 0.469414 0.605211
1.78 0.468764 0.602819
1.79 0.468129 0.600422
1.8 0.46751 0.598021
1.81 0.466907 0.595614
1.82 0.466319 0.593204
1.83 0.465748 0.590788
1.84 0.465192 0.588368
1.85 0.464652 0.585944
1.86 0.464127 0.583516
1.87 0.463618 0.581084
1.88 0.463125 0.578648
1.89 0.462647 0.576208
1.9 0.462184 0.573764
1.91 0.461738 0.571317
1.92 0.461306 0.568866
1.93 0.46089 0.566411
1.94 0.46049 0.563954
1.95 0.460105 0.561493
1.96 0.459735 0.55903
1.97 0.459381 0.556563
1.98 0.459043 0.554094
1.99 0.458719 0.551622
2 0.458411 0.549147
2.01 0.458118 0.54667
2.02 0.457841 0.544191
2.03 0.457579 0.541709
2.04 0.457332 0.539225
2.05 0.4571 0.53674
2.06 0.456884 0.534252
2.07 0.456683 0.531763
2.08 0.456497 0.529273
2.09 0.456327 0.52678
2.1 0.456171 0.524287
2.11 0.456031 0.521792
2.12 0.455906 0.519297
2.13 0.455797 0.5168
2.14 0.455702 0.514302
2.15 0.455623 0.511804
2.16 0.455559 0.509305
2.17 0.45551 0.506806
2.18 0.455476 0.504306
2.19 0.455458 0.501806
2.2 0.455454 0.499306
2.21 0.455466 0.496806
2.22 0.455493 0.494306
2.23 0.455535 0.491807
2.24 0.455593 0.489308
2.25 0.455665 0.486809
2.26 0.455753 0.484311
2.27 0.455856 0.481814
2.28 0.455974 0.479318
2.29 0.456107 0.476823
2.3 0.456256 0.474329
2.31 0.45642 0.471836
2.32 0.456599 0.469345
2.33 0.456793 0.466855
2.34 0.457002 0.464367
2.35 0.457227 0.46188
2.36 0.457467 0.459396
2.37 0.457722 0.456913
2.38 0.457993 0.454433
2.39 0.458279 0.451955
2.4 0.45858 0.449479
2.41 0.458897 0.447006
2.42 0.459229 0.444535
2.43 0.459576 0.442068
2.44 0.459939 0.439603
2.45 0.460317 0.43714
2.46 0.46071 0.434682
2.47 0.461119 0.432226
2.48 0.461544 0.429773
2.49 0.461984 0.427325
2.5 0.462439 0.424879
2.51 0.46291 0.422437
2.52 0.463396 0.42
2.53 0.463899 0.417565
2.54 0.464416 0.415135
2.55 0.46495 0.41271
2.56 0.465499 0.410288
2.57 0.466063 0.407871
2.58 0.466644 0.405458
2.59 0.46724 0.403049
2.6 0.467852 0.400646
2.61 0.468479 0.398247
2.62 0.469123 0.395853
2.63 0.469782 0.393464
2.64 0.470457 0.39108
2.65 0.471149 0.388701
2.66 0.471856 0.386328
2.67 0.472579 0.38396
2.68 0.473318 0.381597
2.69 0.474073 0.37924
2.7 0.474845 0.376889
2.71 0.475632 0.374543
2.72 0.476436 0.372203
2.73 0.477256 0.36987
2.74 0.478092 0.367542
2.75 0.478945 0.365221
2.76 0.479814 0.362906
2.77 0.480699 0.360597
2.78 0.481601 0.358294
2.79 0.482519 0.355998
2.8 0.483453 0.353709
2.81 0.484405 0.351426
2.82 0.485373 0.34915
2.83 0.486357 0.346881
2.84 0.487359 0.344619
2.85 0.488377 0.342364
2.86 0.489412 0.340116
2.87 0.490463 0.337876
2.88 0.491532 0.335642
2.89 0.492618 0.333416
2.9 0.49372 0.331197
2.91 0.49484 0.328986
2.92 0.495977 0.326782
2.93 0.497131 0.324586
2.94 0.498302 0.322398
2.95 0.499491 0.320217
2.96 0.500697 0.318044
2.97 0.501921 0.315879
2.98 0.503162 0.313722
2.99 0.50442 0.311573
3 0.505696 0.309432
3.01 0.50699 0.307299
3.02 0.508301 0.305175
3.03 0.509631 0.303059
3.04 0.510978 0.300951
3.05 0.512343 0.298851
3.06 0.513726 0.29676
3.07 0.515127 0.294677
3.08 0.516547 0.292603
3.09 0.517984 0.290537
3.1 0.51944 0.28848
3.11 0.520914 0.286432
3.12 0.522407 0.284393
3.13 0.523918 0.282362
3.14 0.525447 0.28034
3.15 0.526996 0.278327
3.16 0.528563 0.276323
3.17 0.530148 0.274328
3.18 0.531753 0.272341
3.19 0.533377 0.270364
3.2 0.535019 0.268396
3.21 0.536681 0.266437
3.22 0.538362 0.264487
3.23 0.540062 0.262546
3.24 0.541782 0.260615
3.25 0.543521 0.258693
3.26 0.545279 0.256779
3.27 0.547057 0.254876
3.28 0.548855 0.252981
3.29 0.550673 0.251096
3.3 0.55251 0.24922
3.31 0.554368 0.247354
3.32 0.556245 0.245497
3.33 0.558143 0.243649
3.34 0.560061 0.241811
3.35 0.561999 0.239983
3.36 0.563957 0.238163
3.37 0.565937 0.236354
3.38 0.567936 0.234554
3.39 0.569957 0.232763
3.4 0.571998 0.230982
3.41 0.57406 0.22921
3.42 0.576143 0.227448
3.43 0.578248 0.225696
3.44 0.580373 0.223953
3.45 0.58252 0.22222
3.46 0.584688 0.220496
3.47 0.586878 0.218783
3.48 0.589089 0.217078
3.49 0.591322 0.215383
3.5 0.593577 0.213698
3.51 0.595854 0.212023
3.52 0.598153 0.210357
3.53 0.600474 0.208701
3.54 0.602818 0.207054
3.55 0.605183 0.205417
3.56 0.607572 0.20379
3.57 0.609983 0.202172
3.58 0.612416 0.200564
3.59 0.614873 0.198965
3.6 0.617352 0.197376
3.61 0.619855 0.195797
3.62 0.622381 0.194227
3.63 0.62493 0.192667
3.64 0.627502 0.191116
3.65 0.630099 0.189575
3.66 0.632718 0.188043
3.67 0.635362 0.186521
3.68 0.63803 0.185009
3.69 0.640721 0.183506
3.7 0.643437 0.182012
3.71 0.646178 0.180528
3.72 0.648942 0.179053
3.73 0.651732 0.177588
3.74 0.654546 0.176132
3.75 0.657385 0.174686
3.76 0.660249 0.173249
3.77 0.663138 0.171821
3.78 0.666052 0.170403
3.79 0.668992 0.168994
3.8 0.671957 0.167594
3.81 0.674948 0.166204
3.82 0.677965 0.164822
3.83 0.681008 0.163451
3.84 0.684077 0.162088
3.85 0.687172 0.160734
3.86 0.690294 0.15939
3.87 0.693442 0.158054
3.88 0.696617 0.156728
3.89 0.699819 0.155411
3.9 0.703048 0.154103
3.91 0.706304 0.152804
3.92 0.709587 0.151514
3.93 0.712898 0.150233
3.94 0.716237 0.148961
3.95 0.719603 0.147697
3.96 0.722997 0.146443
3.97 0.72642 0.145198
3.98 0.72987 0.143961
3.99 0.733349 0.142733
4 0.736857 0.141514
4.01 0.740393 0.140303
4.02 0.743959 0.139101
4.03 0.747553 0.137908
4.04 0.751177 0.136723
4.05 0.75483 0.135547
4.06 0.758513 0.13438
4.07 0.762226 0.133221
4.08 0.765968 0.13207
4.09 0.769741 0.130928
4.1 0.773544 0.129795
4.11 0.777378 0.128669
4.12 0.781242 0.127552
4.13 0.785137 0.126444
4.14 0.789063 0.125343
4.15 0.79302 0.124251
4.16 0.797009 0.123167
4.17 0.80103 0.122091
4.18 0.805082 0.121023
4.19 0.809166 0.119964
4.2 0.813282 0.118912
4.21 0.817431 0.117868
4.22 0.821612 0.116832
4.23 0.825826 0.115804
4.24 0.830073 0.114784
4.25 0.834353 0.113772
4.26 0.838666 0.112768
4.27 0.843013 0.111771
4.28 0.847394 0.110782
4.29 0.851808 0.109801
4.3 0.856257 0.108827
4.31 0.86074 0.107861
4.32 0.865258 0.106903
4.33 0.869811 0.105952
4.34 0.874398 0.105008
4.35 0.879021 0.104072
4.36 0.883679 0.103143
4.37 0.888373 0.102222
4.38 0.893102 0.101308
4.39 0.897868 0.100401
4.4 0.90267 0.0995015
4.41 0.907509 0.0986091
4.42 0.912384 0.0977238
4.43 0.917296 0.0968456
4.44 0.922246 0.0959745
4.45 0.927232 0.0951103
4.46 0.932257 0.0942532
4.47 0.937319 0.0934029
4.48 0.94242 0.0925596
4.49 0.947559 0.0917231
4.5 0.952737 0.0908934
4.51 0.957953 0.0900704
4.52 0.963208 0.0892542
4.53 0.968503 0.0884446
4.54 0.973838 0.0876417
4.55 0.979212 0.0868454
4.56 0.984626 0.0860557
4.57 0.990081 0.0852724
4.58 0.995576 0.0844956
4.59 1.00111 0.0837253
4.6 1.00669 0.0829613
4.61 1.01231 0.0822037
4.62 1.01797 0.0814524
4.63 1.02367 0.0807073
4.64 1.02941 0.0799685
4.65 1.0352 0.0792358
4.66 1.04103 0.0785093
4.67 1.0469 0.0777889
4.68 1.05282 0.0770745
4.69 1.05877 0.0763662
4.7 1.06478 0.0756638
4.71 1.07082 0.0749674
4.72 1.07691 0.0742769
4.73 1.08305 0.0735922
4.74 1.08923 0.0729133
4.75 1.09545 0.0722403
4.76 1.10173 0.0715729
4.77 1.10804 0.0709112
4.78 1.1144 0.0702552
4.79 1.12081 0.0696048
4.8 1.12727 0.06896
4.81 1.13377 0.0683207
4.82 1.14032 0.0676869
4.83 1.14692 0.0670586
4.84 1.15356 0.0664357
4.85 1.16025 0.0658182
4.86 1.16699 0.065206
4.87 1.17378 0.0645991
4.88 1.18062 0.0639974
4.89 1.18751 0.063401
4.9 1.19445 0.0628098
4.91 1.20144 0.0622237
4.92 1.20847 0.0616427
4.93 1.21556 0.0610668
4.94 1.2227 0.060496
4.95 1.22989 0.0599301
4.96 1.23714 0.0593692
4.97 1.24443 0.0588132
4.98 1.25178 0.0582621
4.99 1.25918 0.0577158
5 1.26663 0.0571744
