0 0.587785 -0.809017
0.01 0.587708 -0.809073
0.02 0.587477 -0.809241
0.03 0.587093 -0.809519
0.04 0.586559 -0.809906
0.05 0.585876 -0.8104
0.06 0.585046 -0.811
0.07 0.58407 -0.811703
0.08 0.58295 -0.812508
0.09 0.581687 -0.813413
0.1 0.580282 -0.814416
0.11 0.578737 -0.815514
0.12 0.577054 -0.816706
0.13 0.575233 -0.81799
0.14 0.573276 -0.819362
0.15 0.571185 -0.820821
0.16 0.56896 -0.822365
0.17 0.566604 -0.82399
0.18 0.564117 -0.825695
0.19 0.5615 -0.827477
0.2 0.558756 -0.829332
0.21 0.555884 -0.83126
0.22 0.552887 -0.833256
0.23 0.549767 -0.835318
0.24 0.546523 -0.837444
0.25 0.543158 -0.839631
0.26 0.539673 -0.841875
0.27 0.536069 -0.844174
0.28 0.532347 -0.846526
0.29 0.52851 -0.848927
0.3 0.524558 -0.851375
0.31 0.520493 -0.853866
0.32 0.516317 -0.856398
0.33 0.51203 -0.858968
0.34 0.507634 -0.861573
0.35 0.503132 -0.86421
0.36 0.498524 -0.866876
0.37 0.493812 -0.869569
0.38 0.488997 -0.872285
0.39 0.484082 -0.875023
0.4 0.479068 -0.877778
0.41 0.473957 -0.880548
0.42 0.468751 -0.883331
0.43 0.46345 -0.886123
0.44 0.458059 -0.888922
0.45 0.452577 -0.891725
0.46 0.447007 -0.89453
0.47 0.441351 -0.897334
0.48 0.435612 -0.900135
0.49 0.42979 -0.902929
0.5 0.423889 -0.905714
0.51 0.417909 -0.908489
0.52 0.411854 -0.91125
0.53 0.405726 -0.913995
0.54 0.399527 -0.916722
0.55 0.393258 -0.919428
0.56 0.386923 -0.922112
0.57 0.380523 -0.924771
0.58 0.374062 -0.927404
0.59 0.36754 -0.930008
0.6 0.360962 -0.932581
0.61 0.354329 -0.935121
0.62 0.347643 -0.937627
0.63 0.340908 -0.940097
0.64 0.334125 -0.942529
0.65 0.327298 -0.944921
0.66 0.320428 -0.947273
0.67 0.313519 -0.949582
0.68 0.306572 -0.951847
0.69 0.299591 -0.954068
0.7 0.292579 -0.956241
0.71 0.285537 -0.958368
0.72 0.278468 -0.960445
0.73 0.271376 -0.962473
0.74 0.264262 -0.964451
0.75 0.25713 -0.966377
0.76 0.249982 -0.968251
0.77 0.24282 -0.970071
0.78 0.235648 -0.971838
0.79 0.228468 -0.973551
0.8 0.221282 -0.97521
0.81 0.214094 -0.976813
0.82 0.206906 -0.978361
0.83 0.19972 -0.979853
0.84 0.192539 -0.981289
0.85 0.185366 -0.98267
0.86 0.178203 -0.983994
0.87 0.171053 -0.985262
0.88 0.163918 -0.986474
0.89 0.156801 -0.98763
0.9 0.149704 -0.988731
0.91 0.14263 -0.989776
0.92 0.135581 -0.990766
0.93 0.128559 -0.991702
0.94 0.121567 -0.992583
0.95 0.114607 -0.993411
0.96 0.107681 -0.994185
0.97 0.100792 -0.994908
0.98 0.0939417 -0.995578
0.99 0.0871322 -0.996197
1 0.0803656 -0.996765
1.01 0.0736441 -0.997285
1.02 0.0669698 -0.997755
1.03 0.0603444 -0.998178
1.04 0.0537701 -0.998553
1.05 0.0472486 -0.998883
1.06 0.0407819 -0.999168
1.07 0.0343717 -0.999409
1.08 0.0280198 -0.999607
1.09 0.0217278 -0.999764
1.1 0.0154974 -0.99988
1.11 0.00933029 -0.999956
1.12 0.0032279 -0.999995
1.13 -0.00280823 -0.999996
1.14 -0.00877665 -0.999961
1.15 -0.014676 -0.999892
1.16 -0.0205048 -0.99979
1.17 -0.0262619 -0.999655
1.18 -0.031946 -0.99949
1.19 -0.0375559 -0.999295
1.2 -0.0430904 -0.999071
1.21 -0.0485485 -0.998821
1.22 -0.0539291 -0.998545
1.23 -0.0592312 -0.998244
1.24 -0.0644538 -0.997921
1.25 -0.0695961 -0.997575
1.26 -0.0746572 -0.997209
1.27 -0.0796363 -0.996824
1.28 -0.0845326 -0.996421
1.29 -0.0893454 -0.996001
1.3 -0.094074 -0.995565
1.31 -0.0987179 -0.995115
1.32 -0.103276 -0.994653
1.33 -0.107749 -0.994178
1.34 -0.112135 -0.993693
1.35 -0.116435 -0.993198
1.36 -0.120647 -0.992695
1.37 -0.124772 -0.992186
1.38 -0.128808 -0.99167
1.39 -0.132757 -0.991149
1.4 -0.136617 -0.990624
1.41 -0.140388 -0.990097
1.42 -0.14407 -0.989567
1.43 -0.147664 -0.989038
1.44 -0.151168 -0.988508
1.45 -0.154583 -0.98798
1.46 -0.157909 -0.987454
1.47 -0.161146 -0.986931
1.48 -0.164294 -0.986411
1.49 -0.167353 -0.985897
1.5 -0.170322 -0.985388
1.51 -0.173203 -0.984886
1.52 -0.175995 -0.984391
1.53 -0.178698 -0.983904
1.54 -0.181313 -0.983425
1.55 -0.18384 -0.982956
1.56 -0.186279 -0.982497
1.57 -0.188631 -0.982048
1.58 -0.190895 -0.98161
1.59 -0.193073 -0.981184
1.6 -0.195163 -0.980771
1.61 -0.197168 -0.98037
1.62 -0.199087 -0.979982
1.63 -0.20092 -0.979608
1.64 -0.202669 -0.979247
1.65 -0.204333 -0.978901
1.66 -0.205913 -0.97857
1.67 -0.207409 -0.978254
1.68 -0.208823 -0.977953
1.69 -0.210154 -0.977668
1.7 -0.211403 -0.977399
1.71 -0.212571 -0.977146
1.72 -0.213659 -0.976908
1.73 -0.214666 -0.976688
1.74 -0.215593 -0.976483
1.75 -0.216442 -0.976295
1.76 -0.217212 -0.976124
1.77 -0.217905 -0.97597
1.78 -0.218521 -0.975832
1.79 -0.219061 -0.975711
1.8 -0.219525 -0.975607
1.81 -0.219915 -0.975519
1.82 -0.22023 -0.975448
1.83 -0.220472 -0.975393
1.84 -0.220641 -0.975355
1.85 -0.220739 -0.975333
1.86 -0.220765 -0.975327
1.87 -0.220721 -0.975337
1.88 -0.220608 -0.975363
1.89 -0.220425 -0.975404
1.9 -0.220175 -0.97546
1.91 -0.219858 -0.975532
1.92 -0.219475 -0.975618
1.93 -0.219026 -0.975719
1.94 -0.218512 -0.975834
1.95 -0.217935 -0.975963
1.96 -0.217295 -0.976106
1.97 -0.216593 -0.976262
1.98 -0.21583 -0.976431
1.99 -0.215006 -0.976613
2 -0.214124 -0.976807
2.01 -0.213182 -0.977012
2.02 -0.212184 -0.97723
2.03 -0.211128 -0.977458
2.04 -0.210017 -0.977698
2.05 -0.208851 -0.977947
2.06 -0.207632 -0.978207
2.07 -0.206359 -0.978476
2.08 -0.205034 -0.978755
2.09 -0.203659 -0.979042
2.1 -0.202233 -0.979337
2.11 -0.200759 -0.979641
2.12 -0.199236 -0.979952
2.13 -0.197666 -0.980269
2.14 -0.196049 -0.980594
2.15 -0.194388 -0.980925
2.16 -0.192682 -0.981261
2.17 -0.190934 -0.981603
2.18 -0.189143 -0.98195
2.19 -0.18731 -0.982301
2.2 -0.185438 -0.982656
2.21 -0.183526 -0.983015
2.22 -0.181576 -0.983377
2.23 -0.179588 -0.983742
2.24 -0.177565 -0.984109
2.25 -0.175506 -0.984478
2.26 -0.173413 -0.984849
2.27 -0.171287 -0.985221
2.28 -0.169129 -0.985594
2.29 -0.166939 -0.985967
2.3 -0.164719 -0.98634
2.31 -0.162471 -0.986713
2.32 -0.160194 -0.987086
2.33 -0.15789 -0.987457
2.34 -0.155559 -0.987827
2.35 -0.153204 -0.988195
2.36 -0.150825 -0.988561
2.37 -0.148422 -0.988924
2.38 -0.145998 -0.989285
2.39 -0.143552 -0.989643
2.4 -0.141087 -0.989997
2.41 -0.138602 -0.990348
2.42 -0.136099 -0.990695
2.43 -0.133579 -0.991038
2.44 -0.131044 -0.991377
2.45 -0.128493 -0.99171
2.46 -0.125928 -0.992039
2.47 -0.12335 -0.992363
2.48 -0.120759 -0.992682
2.49 -0.118158 -0.992995
2.5 -0.115546 -0.993302
2.51 -0.112925 -0.993604
2.52 -0.110296 -0.993899
2.53 -0.107659 -0.994188
2.54 -0.105016 -0.994471
2.55 -0.102368 -0.994747
2.56 -0.0997144 -0.995016
2.57 -0.0970576 -0.995279
2.58 -0.0943981 -0.995535
2.59 -0.0917367 -0.995783
2.6 -0.0890744 -0.996025
2.61 -0.086412 -0.996259
2.62 -0.0837505 -0.996487
2.63 -0.0810906 -0.996707
2.64 -0.0784332 -0.996919
2.65 -0.0757792 -0.997125
2.66 -0.0731295 -0.997322
2.67 -0.0704848 -0.997513
2.68 -0.0678459 -0.997696
2.69 -0.0652138 -0.997871
2.7 -0.0625891 -0.998039
2.71 -0.0599727 -0.9982
2.72 -0.0573653 -0.998353
2.73 -0.0547677 -0.998499
2.74 -0.0521806 -0.998638
2.75 -0.0496049 -0.998769
2.76 -0.0470412 -0.998893
2.77 -0.0444902 -0.99901
2.78 -0.0419527 -0.99912
2.79 -0.0394293 -0.999222
2.8 -0.0369207 -0.999318
2.81 -0.0344276 -0.999407
2.82 -0.0319507 -0.999489
2.83 -0.0294905 -0.999565
2.84 -0.0270478 -0.999634
2.85 -0.0246231 -0.999697
2.86 -0.0222171 -0.999753
2.87 -0.0198303 -0.999803
2.88 -0.0174633 -0.999848
2.89 -0.0151167 -0.999886
2.9 -0.012791 -0.999918
2.91 -0.0104868 -0.999945
2.92 -0.00820461 -0.999966
2.93 -0.00594491 -0.999982
2.94 -0.00370822 -0.999993
2.95 -0.00149501 -0.999999
2.96 0.000694229 -1
2.97 0.00285905 -0.999996
2.98 0.00499901 -0.999988
2.99 0.00711368 -0.999975
3 0.00920263 -0.999958
3.01 0.0112655 -0.999937
3.02 0.0133018 -0.999912
3.03 0.0153113 -0.999883
3.04 0.0172935 -0.99985
3.05 0.0192481 -0.999815
3.06 0.0211748 -0.999776
3.07 0.0230733 -0.999734
3.08 0.0249431 -0.999689
3.09 0.0267842 -0.999641
3.1 0.0285961 -0.999591
3.11 0.0303785 -0.999538
3.12 0.0321314 -0.999484
3.13 0.0338543 -0.999427
3.14 0.0355471 -0.999368
3.15 0.0372095 -0.999307
3.16 0.0388413 -0.999245
3.17 0.0404424 -0.999182
3.18 0.0420126 -0.999117
3.19 0.0435517 -0.999051
3.2 0.0450595 -0.998984
3.21 0.0465359 -0.998917
3.22 0.0479808 -0.998848
3.23 0.049394 -0.998779
3.24 0.0507755 -0.99871
3.25 0.0521252 -0.998641
3.26 0.0534429 -0.998571
3.27 0.0547286 -0.998501
3.28 0.0559822 -0.998432
3.29 0.0572037 -0.998363
3.3 0.0583931 -0.998294
3.31 0.0595503 -0.998225
3.32 0.0606753 -0.998158
3.33 0.0617681 -0.998091
3.34 0.0628287 -0.998024
3.35 0.0638571 -0.997959
3.36 0.0648534 -0.997895
3.37 0.0658175 -0.997832
3.38 0.0667496 -0.99777
3.39 0.0676497 -0.997709
3.4 0.0685178 -0.99765
3.41 0.0693541 -0.997592
3.42 0.0701586 -0.997536
3.43 0.0709314 -0.997481
3.44 0.0716726 -0.997428
3.45 0.0723823 -0.997377
3.46 0.0730607 -0.997327
3.47 0.0737078 -0.99728
3.48 0.0743239 -0.997234
3.49 0.074909 -0.99719
3.5 0.0754633 -0.997149
3.51 0.0759871 -0.997109
3.52 0.0764804 -0.997071
3.53 0.0769434 -0.997035
3.54 0.0773763 -0.997002
3.55 0.0777794 -0.996971
3.56 0.0781528 -0.996941
3.57 0.0784967 -0.996914
3.58 0.0788113 -0.99689
3.59 0.079097 -0.996867
3.6 0.0793538 -0.996847
3.61 0.079582 -0.996828
3.62 0.079782 -0.996812
3.63 0.0799538 -0.996799
3.64 0.0800979 -0.996787
3.65 0.0802143 -0.996778
3.66 0.0803035 -0.99677
3.67 0.0803657 -0.996765
3.68 0.0804012 -0.996763
3.69 0.0804102 -0.996762
3.7 0.080393 -0.996763
3.71 0.08035 -0.996767
3.72 0.0802814 -0.996772
3.73 0.0801875 -0.99678
3.74 0.0800687 -0.996789
3.75 0.0799252 -0.996801
3.76 0.0797574 -0.996814
3.77 0.0795656 -0.99683
3.78 0.0793501 -0.996847
3.79 0.0791113 -0.996866
3.8 0.0788495 -0.996887
3.81 0.078565 -0.996909
3.82 0.0782582 -0.996933
3.83 0.0779294 -0.996959
3.84 0.0775789 -0.996986
3.85 0.0772072 -0.997015
3.86 0.0768145 -0.997045
3.87 0.0764012 -0.997077
3.88 0.0759678 -0.99711
3.89 0.0755144 -0.997145
3.9 0.0750416 -0.99718
3.91 0.0745496 -0.997217
3.92 0.0740389 -0.997255
3.93 0.0735098 -0.997294
3.94 0.0729627 -0.997335
3.95 0.072398 -0.997376
3.96 0.0718159 -0.997418
3.97 0.071217 -0.997461
3.98 0.0706016 -0.997505
3.99 0.0699701 -0.997549
4 0.0693228 -0.997594
4.01 0.0686602 -0.99764
4.02 0.0679825 -0.997687
4.03 0.0672903 -0.997733
4.04 0.0665838 -0.997781
4.05 0.0658635 -0.997829
4.06 0.0651298 -0.997877
4.07 0.064383 -0.997925
4.08 0.0636236 -0.997974
4.09 0.0628518 -0.998023
4.1 0.0620681 -0.998072
4.11 0.0612729 -0.998121
4.12 0.0604666 -0.99817
4.13 0.0596495 -0.998219
4.14 0.058822 -0.998268
4.15 0.0579846 -0.998317
4.16 0.0571375 -0.998366
4.17 0.0562812 -0.998415
4.18 0.0554161 -0.998463
4.19 0.0545424 -0.998511
4.2 0.0536607 -0.998559
4.21 0.0527713 -0.998607
4.22 0.0518745 -0.998654
4.23 0.0509707 -0.9987
4.24 0.0500603 -0.998746
4.25 0.0491437 -0.998792
4.26 0.0482212 -0.998837
4.27 0.0472932 -0.998881
4.28 0.04636 -0.998925
4.29 0.0454221 -0.998968
4.3 0.0444797 -0.99901
4.31 0.0435332 -0.999052
4.32 0.042583 -0.999093
4.33 0.0416295 -0.999133
4.34 0.0406729 -0.999173
4.35 0.0397136 -0.999211
4.36 0.038752 -0.999249
4.37 0.0377884 -0.999286
4.38 0.0368232 -0.999322
4.39 0.0358566 -0.999357
4.4 0.0348889 -0.999391
4.41 0.0339207 -0.999425
4.42 0.032952 -0.999457
4.43 0.0319833 -0.999488
4.44 0.0310149 -0.999519
4.45 0.0300471 -0.999548
4.46 0.0290802 -0.999577
4.47 0.0281145 -0.999605
4.48 0.0271503 -0.999631
4.49 0.0261879 -0.999657
4.5 0.0252276 -0.999682
4.51 0.0242696 -0.999705
4.52 0.0233144 -0.999728
4.53 0.0223621 -0.99975
4.54 0.0214131 -0.999771
4.55 0.0204675 -0.999791
4.56 0.0195257 -0.999809
4.57 0.018588 -0.999827
4.58 0.0176546 -0.999844
4.59 0.0167257 -0.99986
4.6 0.0158016 -0.999875
4.61 0.0148826 -0.999889
4.62 0.0139689 -0.999902
4.63 0.0130608 -0.999915
4.64 0.0121584 -0.999926
4.65 0.011262 -0.999937
4.66 0.0103719 -0.999946
4.67 0.00948819 -0.999955
4.68 0.00861117 -0.999963
4.69 0.00774105 -0.99997
4.7 0.00687801 -0.999976
4.71 0.00602227 -0.999982
4.72 0.00517402 -0.999987
4.73 0.00433346 -0.999991
4.74 0.00350077 -0.999994
4.75 0.00267615 -0.999996
4.76 0.00185976 -0.999998
4.77 0.00105179 -0.999999
4.78 0.000252403 -1
4.79 -0.000538233 -1
4.8 -0.00131996 -0.999999
4.81 -0.00209261 -0.999998
4.82 -0.00285605 -0.999996
4.83 -0.00361012 -0.999993
4.84 -0.00435468 -0.999991
4.85 -0.0050896 -0.999987
4.86 -0.00581474 -0.999983
4.87 -0.00652997 -0.999979
4.88 -0.00723518 -0.999974
4.89 -0.00793023 -0.999969
4.9 -0.00861502 -0.999963
4.91 -0.00928944 -0.999957
4.92 -0.00995339 -0.99995
4.93 -0.0106068 -0.999944
4.94 -0.0112494 -0.999937
4.95 -0.0118814 -0.999929
4.96 -0.0125025 -0.999922
4.97 -0.0131126 -0.999914
4.98 -0.0137117 -0.999906
4.99 -0.0142998 -0.999898
5 -0.0148767 -0.999889
