0 0.587785 -0.809017
0.01 0.587785 -0.809017
0.02 0.58763 -0.80913
0.03 0.58732 -0.809355
0.04 0.586859 -0.809689
0.05 0.586247 -0.810133
0.06 0.585485 -0.810683
0.07 0.584576 -0.811339
0.08 0.583521 -0.812098
0.09 0.582322 -0.812958
0.1 0.580979 -0.813919
0.11 0.579494 -0.814976
0.12 0.577869 -0.816129
0.13 0.576105 -0.817376
0.14 0.574203 -0.818713
0.15 0.572165 -0.820139
0.16 0.569992 -0.821651
0.17 0.567684 -0.823246
0.18 0.565245 -0.824923
0.19 0.562674 -0.826679
0.2 0.559973 -0.828511
0.21 0.557143 -0.830416
0.22 0.554187 -0.832392
0.23 0.551104 -0.834437
0.24 0.547896 -0.836546
0.25 0.544565 -0.838719
0.26 0.541112 -0.840951
0.27 0.537538 -0.84324
0.28 0.533845 -0.845583
0.29 0.530033 -0.847977
0.3 0.526105 -0.85042
0.31 0.522062 -0.852908
0.32 0.517905 -0.855438
0.33 0.513635 -0.858009
0.34 0.509255 -0.860616
0.35 0.504765 -0.863257
0.36 0.500168 -0.865929
0.37 0.495464 -0.868628
0.38 0.490656 -0.871353
0.39 0.485745 -0.874101
0.4 0.480732 -0.876867
0.41 0.47562 -0.879651
0.42 0.470411 -0.882448
0.43 0.465105 -0.885255
0.44 0.459705 -0.888071
0.45 0.454213 -0.890893
0.46 0.448631 -0.893717
0.47 0.44296 -0.896541
0.48 0.437203 -0.899363
0.49 0.431362 -0.902179
0.5 0.425438 -0.904988
0.51 0.419434 -0.907786
0.52 0.413352 -0.910572
0.53 0.407194 -0.913342
0.54 0.400962 -0.916095
0.55 0.394659 -0.918828
0.56 0.388287 -0.921539
0.57 0.381848 -0.924225
0.58 0.375344 -0.926885
0.59 0.368779 -0.929517
0.6 0.362154 -0.932118
0.61 0.355472 -0.934687
0.62 0.348735 -0.937221
0.63 0.341946 -0.93972
0.64 0.335107 -0.94218
0.65 0.328222 -0.944601
0.66 0.321292 -0.94698
0.67 0.31432 -0.949317
0.68 0.307309 -0.95161
0.69 0.300261 -0.953857
0.7 0.293179 -0.956057
0.71 0.286067 -0.95821
0.72 0.278925 -0.960313
0.73 0.271758 -0.962366
0.74 0.264567 -0.964367
0.75 0.257356 -0.966317
0.76 0.250128 -0.968213
0.77 0.242884 -0.970055
0.78 0.235628 -0.971843
0.79 0.228362 -0.973576
0.8 0.221089 -0.975254
0.81 0.213812 -0.976875
0.82 0.206534 -0.978439
0.83 0.199256 -0.979947
0.84 0.191983 -0.981398
0.85 0.184715 -0.982792
0.86 0.177457 -0.984129
0.87 0.17021 -0.985408
0.88 0.162978 -0.98663
0.89 0.155762 -0.987795
0.9 0.148566 -0.988903
0.91 0.141391 -0.989954
0.92 0.134241 -0.990949
0.93 0.127117 -0.991888
0.94 0.120023 -0.992771
0.95 0.11296 -0.9936
0.96 0.10593 -0.994374
0.97 0.0989372 -0.995094
0.98 0.0919826 -0.995761
0.99 0.0850685 -0.996375
1 0.0781973 -0.996938
1.01 0.071371 -0.99745
1.02 0.0645917 -0.997912
1.03 0.0578615 -0.998325
1.04 0.0511825 -0.998689
1.05 0.0445565 -0.999007
1.06 0.0379854 -0.999278
1.07 0.0314712 -0.999505
1.08 0.0250156 -0.999687
1.09 0.0186205 -0.999827
1.1 0.0122875 -0.999925
1.11 0.00601823 -0.999982
1.12 -0.000185599 -1
1.13 -0.00632246 -0.99998
1.14 -0.0123908 -0.999923
1.15 -0.0183893 -0.999831
1.16 -0.0243164 -0.999704
1.17 -0.0301707 -0.999545
1.18 -0.0359511 -0.999354
1.19 -0.0416562 -0.999132
1.2 -0.0472848 -0.998881
1.21 -0.0528358 -0.998603
1.22 -0.0583081 -0.998299
1.23 -0.0637007 -0.997969
1.24 -0.0690124 -0.997616
1.25 -0.0742425 -0.99724
1.26 -0.0793899 -0.996844
1.27 -0.0844539 -0.996427
1.28 -0.0894336 -0.995993
1.29 -0.0943283 -0.995541
1.3 -0.0991372 -0.995074
1.31 -0.10386 -0.994592
1.32 -0.108495 -0.994097
1.33 -0.113043 -0.99359
1.34 -0.117503 -0.993072
1.35 -0.121875 -0.992546
1.36 -0.126157 -0.99201
1.37 -0.13035 -0.991468
1.38 -0.134453 -0.99092
1.39 -0.138466 -0.990367
1.4 -0.142389 -0.989811
1.41 -0.146221 -0.989252
1.42 -0.149962 -0.988692
1.43 -0.153613 -0.988131
1.44 -0.157172 -0.987571
1.45 -0.160641 -0.987013
1.46 -0.164018 -0.986457
1.47 -0.167304 -0.985905
1.48 -0.170498 -0.985358
1.49 -0.173602 -0.984816
1.5 -0.176614 -0.98428
1.51 -0.179536 -0.983751
1.52 -0.182367 -0.983231
1.53 -0.185107 -0.982718
1.54 -0.187757 -0.982216
1.55 -0.190316 -0.981723
1.56 -0.192786 -0.981241
1.57 -0.195166 -0.98077
1.58 -0.197456 -0.980312
1.59 -0.199658 -0.979866
1.6 -0.20177 -0.979433
1.61 -0.203795 -0.979014
1.62 -0.205731 -0.978609
1.63 -0.20758 -0.978218
1.64 -0.209342 -0.977842
1.65 -0.211018 -0.977482
1.66 -0.212607 -0.977138
1.67 -0.214111 -0.976809
1.68 -0.215529 -0.976497
1.69 -0.216863 -0.976202
1.7 -0.218113 -0.975923
1.71 -0.21928 -0.975662
1.72 -0.220364 -0.975418
1.73 -0.221365 -0.975191
1.74 -0.222285 -0.974982
1.75 -0.223124 -0.97479
1.76 -0.223883 -0.974616
1.77 -0.224561 -0.97446
1.78 -0.225161 -0.974321
1.79 -0.225683 -0.974201
1.8 -0.226127 -0.974098
1.81 -0.226494 -0.974012
1.82 -0.226785 -0.973945
1.83 -0.227001 -0.973894
1.84 -0.227142 -0.973862
1.85 -0.22721 -0.973846
1.86 -0.227204 -0.973847
1.87 -0.227126 -0.973865
1.88 -0.226976 -0.9739
1.89 -0.226756 -0.973952
1.9 -0.226465 -0.974019
1.91 -0.226106 -0.974103
1.92 -0.225679 -0.974202
1.93 -0.225184 -0.974316
1.94 -0.224623 -0.974446
1.95 -0.223996 -0.97459
1.96 -0.223305 -0.974749
1.97 -0.222549 -0.974921
1.98 -0.221731 -0.975108
1.99 -0.220851 -0.975308
2 -0.219909 -0.97552
2.01 -0.218908 -0.975746
2.02 -0.217847 -0.975983
2.03 -0.216727 -0.976232
2.04 -0.215551 -0.976493
2.05 -0.214318 -0.976764
2.06 -0.213029 -0.977046
2.07 -0.211686 -0.977338
2.08 -0.210289 -0.977639
2.09 -0.20884 -0.97795
2.1 -0.207339 -0.978269
2.11 -0.205787 -0.978597
2.12 -0.204186 -0.978932
2.13 -0.202536 -0.979275
2.14 -0.200839 -0.979624
2.15 -0.199094 -0.97998
2.16 -0.197305 -0.980342
2.17 -0.19547 -0.98071
2.18 -0.193592 -0.981082
2.19 -0.191672 -0.981459
2.2 -0.18971 -0.98184
2.21 -0.187707 -0.982225
2.22 -0.185665 -0.982613
2.23 -0.183585 -0.983004
2.24 -0.181467 -0.983397
2.25 -0.179312 -0.983792
2.26 -0.177123 -0.984189
2.27 -0.174899 -0.984586
2.28 -0.172642 -0.984985
2.29 -0.170353 -0.985383
2.3 -0.168032 -0.985781
2.31 -0.165682 -0.986179
2.32 -0.163303 -0.986576
2.33 -0.160895 -0.986971
2.34 -0.158461 -0.987365
2.35 -0.156001 -0.987757
2.36 -0.153516 -0.988146
2.37 -0.151007 -0.988533
2.38 -0.148476 -0.988916
2.39 -0.145922 -0.989296
2.4 -0.143349 -0.989672
2.41 -0.140755 -0.990044
2.42 -0.138143 -0.990412
2.43 -0.135514 -0.990775
2.44 -0.132868 -0.991134
2.45 -0.130206 -0.991487
2.46 -0.12753 -0.991835
2.47 -0.124841 -0.992177
2.48 -0.122139 -0.992513
2.49 -0.119426 -0.992843
2.5 -0.116703 -0.993167
2.51 -0.11397 -0.993484
2.52 -0.111228 -0.993795
2.53 -0.10848 -0.994099
2.54 -0.105725 -0.994395
2.55 -0.102964 -0.994685
2.56 -0.100199 -0.994967
2.57 -0.0974299 -0.995242
2.58 -0.0946586 -0.99551
2.59 -0.0918857 -0.99577
2.6 -0.089112 -0.996022
2.61 -0.0863385 -0.996266
2.62 -0.0835661 -0.996502
2.63 -0.0807958 -0.996731
2.64 -0.0780284 -0.996951
2.65 -0.0752648 -0.997164
2.66 -0.0725059 -0.997368
2.67 -0.0697525 -0.997564
2.68 -0.0670056 -0.997753
2.69 -0.0642659 -0.997933
2.7 -0.0615343 -0.998105
2.71 -0.0588116 -0.998269
2.72 -0.0560987 -0.998425
2.73 -0.0533963 -0.998573
2.74 -0.0507052 -0.998714
2.75 -0.0480262 -0.998846
2.76 -0.0453601 -0.998971
2.77 -0.0427076 -0.999088
2.78 -0.0400695 -0.999197
2.79 -0.0374464 -0.999299
2.8 -0.0348391 -0.999393
2.81 -0.0322484 -0.99948
2.82 -0.0296748 -0.99956
2.83 -0.0271191 -0.999632
2.84 -0.0245819 -0.999698
2.85 -0.0220638 -0.999757
2.86 -0.0195656 -0.999809
2.87 -0.0170878 -0.999854
2.88 -0.014631 -0.999893
2.89 -0.0121959 -0.999926
2.9 -0.00978292 -0.999952
2.91 -0.00739273 -0.999973
2.92 -0.00502587 -0.999987
2.93 -0.00268285 -0.999996
2.94 -0.000364217 -1
2.95 0.00192954 -0.999998
2.96 0.00419791 -0.999991
2.97 0.00644043 -0.999979
2.98 0.00865663 -0.999963
2.99 0.0108461 -0.999941
3 0.0130083 -0.999915
3.01 0.0151429 -0.999885
3.02 0.0172494 -0.999851
3.03 0.0193275 -0.999813
3.04 0.0213768 -0.999771
3.05 0.023397 -0.999726
3.06 0.0253876 -0.999678
3.07 0.0273483 -0.999626
3.08 0.0292789 -0.999571
3.09 0.0311789 -0.999514
3.1 0.0330482 -0.999454
3.11 0.0348864 -0.999391
3.12 0.0366932 -0.999327
3.13 0.0384685 -0.99926
3.14 0.0402119 -0.999191
3.15 0.0419232 -0.999121
3.16 0.0436023 -0.999049
3.17 0.0452489 -0.998976
3.18 0.0468629 -0.998901
3.19 0.048444 -0.998826
3.2 0.0499922 -0.99875
3.21 0.0515072 -0.998673
3.22 0.0529889 -0.998595
3.23 0.0544372 -0.998517
3.24 0.055852 -0.998439
3.25 0.0572332 -0.998361
3.26 0.0585808 -0.998283
3.27 0.0598945 -0.998205
3.28 0.0611745 -0.998127
3.29 0.0624206 -0.99805
3.3 0.0636327 -0.997973
3.31 0.064811 -0.997898
3.32 0.0659553 -0.997823
3.33 0.0670657 -0.997749
3.34 0.0681421 -0.997676
3.35 0.0691846 -0.997604
3.36 0.0701932 -0.997533
3.37 0.071168 -0.997464
3.38 0.072109 -0.997397
3.39 0.0730162 -0.997331
3.4 0.0738898 -0.997266
3.41 0.0747299 -0.997204
3.42 0.0755364 -0.997143
3.43 0.0763096 -0.997084
3.44 0.0770495 -0.997027
3.45 0.0777563 -0.996972
3.46 0.07843 -0.99692
3.47 0.0790709 -0.996869
3.48 0.0796791 -0.996821
3.49 0.0802547 -0.996774
3.5 0.080798 -0.99673
3.51 0.081309 -0.996689
3.52 0.081788 -0.99665
3.53 0.0822351 -0.996613
3.54 0.0826506 -0.996579
3.55 0.0830347 -0.996547
3.56 0.0833875 -0.996517
3.57 0.0837094 -0.99649
3.58 0.0840005 -0.996466
3.59 0.0842611 -0.996444
3.6 0.0844915 -0.996424
3.61 0.0846918 -0.996407
3.62 0.0848623 -0.996393
3.63 0.0850034 -0.996381
3.64 0.0851152 -0.996371
3.65 0.0851981 -0.996364
3.66 0.0852524 -0.996359
3.67 0.0852783 -0.996357
3.68 0.0852761 -0.996357
3.69 0.0852462 -0.99636
3.7 0.0851888 -0.996365
3.71 0.0851043 -0.996372
3.72 0.0849929 -0.996382
3.73 0.0848551 -0.996393
3.74 0.0846911 -0.996407
3.75 0.0845013 -0.996423
3.76 0.084286 -0.996442
3.77 0.0840455 -0.996462
3.78 0.0837803 -0.996484
3.79 0.0834906 -0.996509
3.8 0.0831768 -0.996535
3.81 0.0828393 -0.996563
3.82 0.0824784 -0.996593
3.83 0.0820945 -0.996625
3.84 0.081688 -0.996658
3.85 0.0812592 -0.996693
3.86 0.0808086 -0.99673
3.87 0.0803364 -0.996768
3.88 0.0798432 -0.996807
3.89 0.0793292 -0.996848
3.9 0.0787949 -0.996891
3.91 0.0782407 -0.996934
3.92 0.0776669 -0.996979
3.93 0.0770739 -0.997025
3.94 0.0764622 -0.997072
3.95 0.0758321 -0.997121
3.96 0.075184 -0.99717
3.97 0.0745184 -0.99722
3.98 0.0738357 -0.99727
3.99 0.0731361 -0.997322
4 0.0724203 -0.997374
4.01 0.0716885 -0.997427
4.02 0.0709412 -0.997481
4.03 0.0701787 -0.997534
4.04 0.0694016 -0.997589
4.05 0.0686101 -0.997644
4.06 0.0678048 -0.997699
4.07 0.066986 -0.997754
4.08 0.0661541 -0.997809
4.09 0.0653095 -0.997865
4.1 0.0644527 -0.997921
4.11 0.0635841 -0.997976
4.12 0.062704 -0.998032
4.13 0.0618129 -0.998088
4.14 0.0609112 -0.998143
4.15 0.0599993 -0.998198
4.16 0.0590775 -0.998253
4.17 0.0581464 -0.998308
4.18 0.0572063 -0.998362
4.19 0.0562576 -0.998416
4.2 0.0553008 -0.99847
4.21 0.0543361 -0.998523
4.22 0.0533641 -0.998575
4.23 0.052385 -0.998627
4.24 0.0513994 -0.998678
4.25 0.0504075 -0.998729
4.26 0.0494099 -0.998779
4.27 0.0484068 -0.998828
4.28 0.0473986 -0.998876
4.29 0.0463858 -0.998924
4.3 0.0453688 -0.99897
4.31 0.0443478 -0.999016
4.32 0.0433233 -0.999061
4.33 0.0422957 -0.999105
4.34 0.0412653 -0.999148
4.35 0.0402324 -0.99919
4.36 0.0391975 -0.999231
4.37 0.038161 -0.999272
4.38 0.0371231 -0.999311
4.39 0.0360842 -0.999349
4.4 0.0350447 -0.999386
4.41 0.0340049 -0.999422
4.42 0.0329652 -0.999457
4.43 0.0319258 -0.99949
4.44 0.0308873 -0.999523
4.45 0.0298497 -0.999554
4.46 0.0288136 -0.999585
4.47 0.0277793 -0.999614
4.48 0.0267469 -0.999642
4.49 0.0257169 -0.999669
4.5 0.0246896 -0.999695
4.51 0.0236653 -0.99972
4.52 0.0226443 -0.999744
4.53 0.0216268 -0.999766
4.54 0.0206132 -0.999788
4.55 0.0196038 -0.999808
4.56 0.0185989 -0.999827
4.57 0.0175987 -0.999845
4.58 0.0166035 -0.999862
4.59 0.0156136 -0.999878
4.6 0.0146292 -0.999893
4.61 0.0136507 -0.999907
4.62 0.0126783 -0.99992
4.63 0.0117121 -0.999931
4.64 0.0107526 -0.999942
4.65 0.00979986 -0.999952
4.66 0.0088542 -0.999961
4.67 0.00791583 -0.999969
4.68 0.00698499 -0.999976
4.69 0.00606189 -0.999982
4.7 0.00514676 -0.999987
4.71 0.00423981 -0.999991
4.72 0.00334126 -0.999994
4.73 0.0024513 -0.999997
4.74 0.00157013 -0.999999
4.75 0.000697951 -1
4.76 -0.000165051 -1
4.77 -0.00101869 -0.999999
4.78 -0.00186279 -0.999998
4.79 -0.00269718 -0.999996
4.8 -0.00352169 -0.999994
4.81 -0.00433615 -0.999991
4.82 -0.00514041 -0.999987
4.83 -0.00593431 -0.999982
4.84 -0.0067177 -0.999977
4.85 -0.00749045 -0.999972
4.86 -0.00825241 -0.999966
4.87 -0.00900344 -0.999959
4.88 -0.00974343 -0.999953
4.89 -0.0104723 -0.999945
4.9 -0.0111898 -0.999937
4.91 -0.0118959 -0.999929
4.92 -0.0125905 -0.999921
4.93 -0.0132735 -0.999912
4.94 -0.0139448 -0.999903
4.95 -0.0146043 -0.999893
4.96 -0.0152519 -0.999884
4.97 -0.0158875 -0.999874
4.98 -0.0165111 -0.999864
4.99 -0.0171225 -0.999853
5 -0.0177217 -0.999843
