0 1 -1
0.01 1.00995 -0.98995
0.02 1.0198 -0.979801
0.03 1.02955 -0.969555
0.04 1.03919 -0.959211
0.05 1.04873 -0.948771
0.06 1.05816 -0.938237
0.07 1.06749 -0.927608
0.08 1.07672 -0.916887
0.09 1.08583 -0.906074
0.1 1.09484 -0.895171
0.11 1.10373 -0.884178
0.12 1.11252 -0.873096
0.13 1.1212 -0.861928
0.14 1.12976 -0.850673
0.15 1.13821 -0.839333
0.16 1.14655 -0.827909
0.17 1.15477 -0.816402
0.18 1.16287 -0.804814
0.19 1.17086 -0.793145
0.2 1.17874 -0.781397
0.21 1.18649 -0.769571
0.22 1.19413 -0.757668
0.23 1.20164 -0.745689
0.24 1.20904 -0.733635
0.25 1.21632 -0.721508
0.26 1.22347 -0.709309
0.27 1.2305 -0.697039
0.28 1.23741 -0.6847
0.29 1.2442 -0.672292
0.3 1.25086 -0.659816
0.31 1.25739 -0.647275
0.32 1.2638 -0.634669
0.33 1.27009 -0.621999
0.34 1.27624 -0.609268
0.35 1.28227 -0.596475
0.36 1.28817 -0.583623
0.37 1.29394 -0.570712
0.38 1.29959 -0.557744
0.39 1.3051 -0.544721
0.4 1.31048 -0.531643
0.41 1.31573 -0.518511
0.42 1.32085 -0.505328
0.43 1.32584 -0.492095
0.44 1.33069 -0.478812
0.45 1.33541 -0.465482
0.46 1.34 -0.452104
0.47 1.34445 -0.438682
0.48 1.34877 -0.425216
0.49 1.35296 -0.411707
0.5 1.35701 -0.398157
0.51 1.36092 -0.384567
0.52 1.3647 -0.370939
0.53 1.36834 -0.357274
0.54 1.37184 -0.343573
0.55 1.37521 -0.329837
0.56 1.37844 -0.316069
0.57 1.38153 -0.302269
0.58 1.38449 -0.288439
0.59 1.3873 -0.27458
0.6 1.38998 -0.260693
0.61 1.39252 -0.246781
0.62 1.39491 -0.232843
0.63 1.39717 -0.218883
0.64 1.39929 -0.2049
0.65 1.40127 -0.190897
0.66 1.40311 -0.176875
0.67 1.40481 -0.162836
0.68 1.40637 -0.14878
0.69 1.40778 -0.134709
0.7 1.40906 -0.120624
0.71 1.4102 -0.106528
0.72 1.41119 -0.0924211
0.73 1.41204 -0.0783048
0.74 1.41276 -0.0641806
0.75 1.41333 -0.0500501
0.76 1.41376 -0.0359146
0.77 1.41405 -0.0217754
0.78 1.41419 -0.00763412
0.79 1.4142 0.00650796
0.8 1.41406 0.0206494
0.81 1.41379 0.0347887
0.82 1.41337 0.0489246
0.83 1.41281 0.0630556
0.84 1.41211 0.0771803
0.85 1.41126 0.0912973
0.86 1.41028 0.105405
0.87 1.40916 0.119502
0.88 1.40789 0.133588
0.89 1.40648 0.14766
0.9 1.40494 0.161717
0.91 1.40325 0.175758
0.92 1.40142 0.189781
0.93 1.39945 0.203786
0.94 1.39735 0.21777
0.95 1.3951 0.231732
0.96 1.39271 0.245672
0.97 1.39019 0.259586
0.98 1.38752 0.273475
0.99 1.38472 0.287336
1 1.38177 0.301169
1.01 1.37869 0.314971
1.02 1.37547 0.328742
1.03 1.37212 0.34248
1.04 1.36862 0.356184
1.05 1.36499 0.369852
1.06 1.36123 0.383483
1.07 1.35732 0.397076
1.08 1.35329 0.410629
1.09 1.34911 0.424142
1.1 1.3448 0.437611
1.11 1.34036 0.451037
1.12 1.33578 0.464418
1.13 1.33107 0.477752
1.14 1.32623 0.491039
1.15 1.32125 0.504276
1.16 1.31614 0.517464
1.17 1.3109 0.530599
1.18 1.30553 0.543681
1.19 1.30003 0.556709
1.2 1.2944 0.569681
1.21 1.28864 0.582597
1.22 1.28275 0.595454
1.23 1.27673 0.608251
1.24 1.27058 0.620988
1.25 1.26431 0.633662
1.26 1.25791 0.646273
1.27 1.25138 0.65882
1.28 1.24473 0.671301
1.29 1.23796 0.683714
1.3 1.23106 0.696059
1.31 1.22403 0.708335
1.32 1.21689 0.72054
1.33 1.20962 0.732672
1.34 1.20224 0.744732
1.35 1.19473 0.756717
1.36 1.1871 0.768626
1.37 1.17936 0.780458
1.38 1.17149 0.792213
1.39 1.16351 0.803888
1.4 1.15542 0.815483
1.41 1.1472 0.826996
1.42 1.13888 0.838426
1.43 1.13044 0.849773
1.44 1.12188 0.861035
1.45 1.11322 0.87221
1.46 1.10444 0.883299
1.47 1.09555 0.894299
1.48 1.08655 0.905209
1.49 1.07745 0.916029
1.5 1.06823 0.926758
1.51 1.05891 0.937394
1.52 1.04948 0.947936
1.53 1.03995 0.958383
1.54 1.03032 0.968734
1.55 1.02058 0.978989
1.56 1.01074 0.989146
1.57 1.0008 0.999203
1.58 0.990754 1.00916
1.59 0.980613 1.01902
1.6 0.970374 1.02877
1.61 0.960038 1.03843
1.62 0.949606 1.04797
1.63 0.939079 1.05742
1.64 0.928458 1.06675
1.65 0.917744 1.07599
1.66 0.906939 1.08511
1.67 0.896042 1.09412
1.68 0.885056 1.10303
1.69 0.873982 1.11183
1.7 0.86282 1.12051
1.71 0.851572 1.12908
1.72 0.840239 1.13754
1.73 0.828822 1.14589
1.74 0.817322 1.15412
1.75 0.80574 1.16223
1.76 0.794077 1.17023
1.77 0.782336 1.17811
1.78 0.770516 1.18588
1.79 0.758618 1.19352
1.8 0.746645 1.20105
1.81 0.734598 1.20846
1.82 0.722477 1.21574
1.83 0.710283 1.22291
1.84 0.698019 1.22995
1.85 0.685685 1.23687
1.86 0.673282 1.24366
1.87 0.660812 1.25033
1.88 0.648276 1.25688
1.89 0.635675 1.2633
1.9 0.62301 1.26959
1.91 0.610284 1.27576
1.92 0.597496 1.2818
1.93 0.584648 1.28771
1.94 0.571742 1.29349
1.95 0.558779 1.29914
1.96 0.54576 1.30466
1.97 0.532686 1.31006
1.98 0.519559 1.31532
1.99 0.50638 1.32045
2 0.493151 1.32544
2.01 0.479872 1.33031
2.02 0.466545 1.33504
2.03 0.453171 1.33964
2.04 0.439752 1.3441
2.05 0.42629 1.34843
2.06 0.412784 1.35263
2.07 0.399237 1.35669
2.08 0.385651 1.36061
2.09 0.372026 1.3644
2.1 0.358363 1.36806
2.11 0.344665 1.37157
2.12 0.330932 1.37495
2.13 0.317166 1.37819
2.14 0.303369 1.38129
2.15 0.289541 1.38426
2.16 0.275684 1.38708
2.17 0.2618 1.38977
2.18 0.247889 1.39232
2.19 0.233954 1.39473
2.2 0.219995 1.397
2.21 0.206015 1.39913
2.22 0.192013 1.40112
2.23 0.177993 1.40297
2.24 0.163954 1.40468
2.25 0.1499 1.40625
2.26 0.13583 1.40768
2.27 0.121747 1.40896
2.28 0.107651 1.41011
2.29 0.0935448 1.41112
2.3 0.0794292 1.41198
2.31 0.0653056 1.4127
2.32 0.0511756 1.41329
2.33 0.0370404 1.41373
2.34 0.0229015 1.41403
2.35 0.00876027 1.41419
2.36 -0.00538179 1.4142
2.37 -0.0195233 1.41408
2.38 -0.0336629 1.41381
2.39 -0.0477991 1.41341
2.4 -0.0619305 1.41286
2.41 -0.0760558 1.41217
2.42 -0.0901734 1.41134
2.43 -0.104282 1.41036
2.44 -0.11838 1.40925
2.45 -0.132467 1.408
2.46 -0.14654 1.4066
2.47 -0.160598 1.40507
2.48 -0.17464 1.40339
2.49 -0.188665 1.40157
2.5 -0.202671 1.39962
2.51 -0.216657 1.39752
2.52 -0.230621 1.39528
2.53 -0.244562 1.39291
2.54 -0.258479 1.39039
2.55 -0.27237 1.38774
2.56 -0.286233 1.38494
2.57 -0.300068 1.38201
2.58 -0.313873 1.37894
2.59 -0.327647 1.37574
2.6 -0.341387 1.37239
2.61 -0.355094 1.36891
2.62 -0.368765 1.36529
2.63 -0.382399 1.36153
2.64 -0.395995 1.35764
2.65 -0.409552 1.35361
2.66 -0.423067 1.34945
2.67 -0.43654 1.34515
2.68 -0.44997 1.34072
2.69 -0.463354 1.33615
2.7 -0.476692 1.33145
2.71 -0.489983 1.32662
2.72 -0.503224 1.32165
2.73 -0.516415 1.31655
2.74 -0.529555 1.31132
2.75 -0.542641 1.30596
2.76 -0.555674 1.30047
2.77 -0.56865 1.29485
2.78 -0.58157 1.2891
2.79 -0.594432 1.28322
2.8 -0.607234 1.27721
2.81 -0.619976 1.27107
2.82 -0.632655 1.26481
2.83 -0.645271 1.25842
2.84 -0.657823 1.25191
2.85 -0.670309 1.24527
2.86 -0.682728 1.2385
2.87 -0.695079 1.23161
2.88 -0.70736 1.2246
2.89 -0.71957 1.21746
2.9 -0.731709 1.21021
2.91 -0.743774 1.20283
2.92 -0.755765 1.19533
2.93 -0.76768 1.18771
2.94 -0.779519 1.17998
2.95 -0.791279 1.17212
2.96 -0.802961 1.16415
2.97 -0.814562 1.15607
2.98 -0.826082 1.14786
2.99 -0.837519 1.13954
3 -0.848872 1.13111
3.01 -0.860141 1.12257
3.02 -0.871323 1.11391
3.03 -0.882419 1.10514
3.04 -0.893426 1.09626
3.05 -0.904344 1.08727
3.06 -0.915171 1.07818
3.07 -0.925907 1.06897
3.08 -0.93655 1.05966
3.09 -0.9471 1.05024
3.1 -0.957554 1.04072
3.11 -0.967913 1.03109
3.12 -0.978176 1.02136
3.13 -0.98834 1.01153
3.14 -0.998406 1.00159
3.15 -1.00837 0.991557
3.16 -1.01824 0.981424
3.17 -1.028 0.971193
3.18 -1.03766 0.960864
3.19 -1.04722 0.95044
3.2 -1.05667 0.939921
3.21 -1.06601 0.929307
3.22 -1.07525 0.918601
3.23 -1.08439 0.907802
3.24 -1.09341 0.896913
3.25 -1.10232 0.885934
3.26 -1.11113 0.874867
3.27 -1.11982 0.863712
3.28 -1.1284 0.852471
3.29 -1.13687 0.841145
3.3 -1.14523 0.829734
3.31 -1.15347 0.81824
3.32 -1.16159 0.806665
3.33 -1.1696 0.795009
3.34 -1.17749 0.783273
3.35 -1.18526 0.77146
3.36 -1.19292 0.759569
3.37 -1.20045 0.747602
3.38 -1.20787 0.73556
3.39 -1.21517 0.723445
3.4 -1.22234 0.711257
3.41 -1.22939 0.698998
3.42 -1.23632 0.68667
3.43 -1.24312 0.674272
3.44 -1.2498 0.661808
3.45 -1.25636 0.649277
3.46 -1.26279 0.636681
3.47 -1.26909 0.624021
3.48 -1.27527 0.611299
3.49 -1.28132 0.598516
3.5 -1.28724 0.585673
3.51 -1.29303 0.572772
3.52 -1.29869 0.559813
3.53 -1.30423 0.546798
3.54 -1.30963 0.533729
3.55 -1.3149 0.520606
3.56 -1.32004 0.507431
3.57 -1.32505 0.494206
3.58 -1.32993 0.480931
3.59 -1.33467 0.467608
3.6 -1.33928 0.454238
3.61 -1.34375 0.440823
3.62 -1.34809 0.427363
3.63 -1.3523 0.413861
3.64 -1.35637 0.400318
3.65 -1.36031 0.386734
3.66 -1.36411 0.373112
3.67 -1.36777 0.359453
3.68 -1.3713 0.345757
3.69 -1.37468 0.332027
3.7 -1.37794 0.318264
3.71 -1.38105 0.304469
3.72 -1.38403 0.290643
3.73 -1.38686 0.276789
3.74 -1.38956 0.262907
3.75 -1.39212 0.248998
3.76 -1.39454 0.235065
3.77 -1.39682 0.221108
3.78 -1.39896 0.207129
3.79 -1.40096 0.193129
3.8 -1.40283 0.17911
3.81 -1.40455 0.165073
3.82 -1.40613 0.151019
3.83 -1.40757 0.136951
3.84 -1.40887 0.122868
3.85 -1.41002 0.108774
3.86 -1.41104 0.0946685
3.87 -1.41192 0.0805535
3.88 -1.41265 0.0664306
3.89 -1.41325 0.052301
3.9 -1.4137 0.0381661
3.91 -1.41401 0.0240275
3.92 -1.41418 0.00988642
3.93 -1.41421 -0.00425562
3.94 -1.41409 -0.0183972
3.95 -1.41384 -0.032537
3.96 -1.41344 -0.0466736
3.97 -1.41291 -0.0608054
3.98 -1.41223 -0.0749312
3.99 -1.41141 -0.0890495
4 -1.41045 -0.103159
4.01 -1.40934 -0.117258
4.02 -1.4081 -0.131345
4.03 -1.40672 -0.145419
4.04 -1.40519 -0.159479
4.05 -1.40353 -0.173523
4.06 -1.40172 -0.187549
4.07 -1.39978 -0.201557
4.08 -1.39769 -0.215544
4.09 -1.39547 -0.22951
4.1 -1.3931 -0.243453
4.11 -1.3906 -0.257372
4.12 -1.38795 -0.271265
4.13 -1.38517 -0.28513
4.14 -1.38225 -0.298968
4.15 -1.37919 -0.312775
4.16 -1.376 -0.326551
4.17 -1.37266 -0.340294
4.18 -1.36919 -0.354004
4.19 -1.36558 -0.367678
4.2 -1.36184 -0.381315
4.21 -1.35796 -0.394914
4.22 -1.35394 -0.408474
4.23 -1.34979 -0.421992
4.24 -1.3455 -0.435469
4.25 -1.34108 -0.448902
4.26 -1.33652 -0.46229
4.27 -1.33183 -0.475632
4.28 -1.32701 -0.488926
4.29 -1.32205 -0.502171
4.3 -1.31696 -0.515367
4.31 -1.31175 -0.52851
4.32 -1.30639 -0.541601
4.33 -1.30091 -0.554638
4.34 -1.2953 -0.567619
4.35 -1.28956 -0.580543
4.36 -1.28369 -0.59341
4.37 -1.27769 -0.606217
4.38 -1.27157 -0.618963
4.39 -1.26531 -0.631648
4.4 -1.25893 -0.644269
4.41 -1.25243 -0.656826
4.42 -1.2458 -0.669317
4.43 -1.23904 -0.681742
4.44 -1.23216 -0.694098
4.45 -1.22516 -0.706384
4.46 -1.21804 -0.718601
4.47 -1.21079 -0.730745
4.48 -1.20342 -0.742816
4.49 -1.19593 -0.754813
4.5 -1.18833 -0.766734
4.51 -1.1806 -0.778579
4.52 -1.17275 -0.790346
4.53 -1.16479 -0.802034
4.54 -1.15671 -0.813641
4.55 -1.14852 -0.825167
4.56 -1.14021 -0.836611
4.57 -1.13179 -0.847971
4.58 -1.12325 -0.859247
4.59 -1.1146 -0.870436
4.6 -1.10584 -0.881538
4.61 -1.09697 -0.892552
4.62 -1.08799 -0.903477
4.63 -1.0789 -0.914312
4.64 -1.06971 -0.925055
4.65 -1.0604 -0.935706
4.66 -1.05099 -0.946263
4.67 -1.04148 -0.956725
4.68 -1.03186 -0.967092
4.69 -1.02214 -0.977362
4.7 -1.01231 -0.987534
4.71 -1.00239 -0.997608
4.72 -0.99236 -1.00758
4.73 -0.982235 -1.01745
4.74 -0.972011 -1.02723
4.75 -0.96169 -1.03689
4.76 -0.951274 -1.04646
4.77 -0.940762 -1.05592
4.78 -0.930156 -1.06527
4.79 -0.919456 -1.07452
4.8 -0.908665 -1.08366
4.81 -0.897784 -1.0927
4.82 -0.886812 -1.10162
4.83 -0.875752 -1.11043
4.84 -0.864604 -1.11913
4.85 -0.853369 -1.12772
4.86 -0.84205 -1.1362
4.87 -0.830646 -1.14456
4.88 -0.819159 -1.15281
4.89 -0.80759 -1.16095
4.9 -0.79594 -1.16896
4.91 -0.784211 -1.17687
4.92 -0.772403 -1.18465
4.93 -0.760518 -1.19231
4.94 -0.748557 -1.19986
4.95 -0.736521 -1.20728
4.96 -0.724412 -1.21459
4.97 -0.71223 -1.22177
4.98 -0.699977 -1.22883
4.99 -0.687654 -1.23577
5 -0.675262 -1.24259
