0 2 3.1 -5.1 0.1
0.01 2 3.1 -5.1 0.1
0.02 2.0004 3.10096 -5.0974 0.100001
0.03 2.0012 3.10288 -5.0922 0.100003
0.04 2.0024 3.10577 -5.08442 0.100006
0.05 2.00401 3.10963 -5.07408 0.10001
0.06 2.00601 3.11447 -5.06121 0.100015
0.07 2.00843 3.12029 -5.04584 0.100021
0.08 2.01125 3.1271 -5.02802 0.100028
0.09 2.01449 3.13492 -5.00779 0.100036
0.1 2.01814 3.14377 -4.98522 0.100045
0.11 2.02221 3.15365 -4.96037 0.100055
0.12 2.02671 3.16459 -4.9333 0.100066
0.13 2.03164 3.17661 -4.9041 0.100078
0.14 2.03701 3.18973 -4.87283 0.100091
0.15 2.04282 3.20397 -4.83959 0.100105
0.16 2.04908 3.21937 -4.80446 0.10012
0.17 2.05579 3.23595 -4.76753 0.100136
0.18 2.06298 3.25375 -4.72889 0.100153
0.19 2.07064 3.27281 -4.68863 0.100171
0.2 2.07878 3.29316 -4.64687 0.10019
0.21 2.08743 3.31485 -4.60368 0.10021
0.22 2.09658 3.33793 -4.55917 0.100232
0.23 2.10625 3.36244 -4.51344 0.100254
0.24 2.11645 3.38844 -4.46659 0.100277
0.25 2.1272 3.416 -4.41871 0.100301
0.26 2.13851 3.44517 -4.3699 0.100326
0.27 2.1504 3.47603 -4.32025 0.100352
0.28 2.16289 3.50866 -4.26985 0.100379
0.29 2.17599 3.54313 -4.2188 0.100408
0.3 2.18972 3.57953 -4.16719 0.100437
0.31 2.2041 3.61797 -4.11509 0.100467
0.32 2.21917 3.65855 -4.0626 0.100498
0.33 2.23492 3.70138 -4.00978 0.100531
0.34 2.25141 3.74659 -3.95672 0.100564
0.35 2.26864 3.79432 -3.90349 0.100598
0.36 2.28665 3.84471 -3.85016 0.100634
0.37 2.30548 3.89792 -3.7968 0.10067
0.38 2.32514 3.95414 -3.74346 0.100708
0.39 2.34569 4.01355 -3.69021 0.100746
0.4 2.36715 4.07637 -3.6371 0.100786
0.41 2.38956 4.14284 -3.58419 0.100827
0.42 2.41297 4.21321 -3.53152 0.100868
0.43 2.43743 4.28776 -3.47914 0.100911
0.44 2.46297 4.36682 -3.42709 0.100955
0.45 2.48966 4.45072 -3.37541 0.101
0.46 2.51756 4.53986 -3.32414 0.101046
0.47 2.54671 4.63467 -3.27331 0.101092
0.48 2.5772 4.73563 -3.22295 0.101141
0.49 2.60908 4.84327 -3.17309 0.10119
0.5 2.64243 4.95822 -3.12376 0.10124
