0 -2
0.01 -1.9998
0.02 -1.9992
0.03 -1.9982
0.04 -1.99681
0.05 -1.99501
0.06 -1.99283
0.07 -1.99025
0.08 -1.98728
0.09 -1.98393
0.1 -1.9802
0.11 -1.97609
0.12 -1.97161
0.13 -1.96676
0.14 -1.96155
0.15 -1.95599
0.16 -1.95008
0.17 -1.94382
0.18 -1.93723
0.19 -1.93032
0.2 -1.92308
0.21 -1.91553
0.22 -1.90767
0.23 -1.89952
0.24 -1.89107
0.25 -1.88235
0.26 -1.87336
0.27 -1.86411
0.28 -1.8546
0.29 -1.84485
0.3 -1.83486
0.31 -1.82465
0.32 -1.81422
0.33 -1.80359
0.34 -1.79276
0.35 -1.78174
0.36 -1.77054
0.37 -1.75917
0.38 -1.74764
0.39 -1.73596
0.4 -1.72414
0.41 -1.71218
0.42 -1.7001
0.43 -1.68791
0.44 -1.6756
0.45 -1.6632
0.46 -1.65071
0.47 -1.63814
0.48 -1.62549
0.49 -1.61277
0.5 -1.6
0.51 -1.58718
0.52 -1.57431
0.53 -1.5614
0.54 -1.54847
0.55 -1.53551
0.56 -1.52253
0.57 -1.50955
0.58 -1.49656
0.59 -1.48357
0.6 -1.47059
0.61 -1.45762
0.62 -1.44467
0.63 -1.43174
0.64 -1.41884
0.65 -1.40598
0.66 -1.39315
0.67 -1.38036
0.68 -1.36761
0.69 -1.35492
0.7 -1.34228
0.71 -1.3297
0.72 -1.31718
0.73 -1.30472
0.74 -1.29232
0.75 -1.28
0.76 -1.26775
0.77 -1.25557
0.78 -1.24347
0.79 -1.23145
0.8 -1.21951
0.81 -1.20766
0.82 -1.19589
0.83 -1.1842
0.84 -1.17261
0.85 -1.1611
0.86 -1.14969
0.87 -1.13837
0.88 -1.12714
0.89 -1.11601
0.9 -1.10497
0.91 -1.09403
0.92 -1.08319
0.93 -1.07244
0.94 -1.0618
0.95 -1.05125
0.96 -1.0408
0.97 -1.03045
0.98 -1.0202
0.99 -1.01005
1 -1
1.01 -0.99005
1.02 -0.9802
1.03 -0.97045
1.04 -0.960799
1.05 -0.951249
1.06 -0.941797
1.07 -0.932444
1.08 -0.923191
1.09 -0.914035
1.1 -0.904977
1.11 -0.896017
1.12 -0.887154
1.13 -0.878387
1.14 -0.869716
1.15 -0.861141
1.16 -0.85266
1.17 -0.844274
1.18 -0.835981
1.19 -0.82778
1.2 -0.819672
1.21 -0.811655
1.22 -0.803729
1.23 -0.795893
1.24 -0.788146
1.25 -0.780488
1.26 -0.772917
1.27 -0.765433
1.28 -0.758035
1.29 -0.750723
1.3 -0.743494
1.31 -0.73635
1.32 -0.729288
1.33 -0.722308
1.34 -0.71541
1.35 -0.708592
1.36 -0.701853
1.37 -0.695193
1.38 -0.68861
1.39 -0.682105
1.4 -0.675676
1.41 -0.669322
1.42 -0.663042
1.43 -0.656836
1.44 -0.650703
1.45 -0.644641
1.46 -0.638651
1.47 -0.632731
1.48 -0.626881
1.49 -0.621099
1.5 -0.615385
1.51 -0.609737
1.52 -0.604157
1.53 -0.598641
1.54 -0.59319
1.55 -0.587803
1.56 -0.582479
1.57 -0.577217
1.58 -0.572017
1.59 -0.566877
1.6 -0.561798
1.61 -0.556777
1.62 -0.551815
1.63 -0.546911
1.64 -0.542064
1.65 -0.537273
1.66 -0.532538
1.67 -0.527858
1.68 -0.523231
1.69 -0.518659
1.7 -0.514139
1.71 -0.509671
1.72 -0.505255
1.73 -0.500889
1.74 -0.496574
1.75 -0.492308
1.76 -0.488091
1.77 -0.483922
1.78 -0.4798
1.79 -0.475726
1.8 -0.471698
1.81 -0.467716
1.82 -0.463779
1.83 -0.459886
1.84 -0.456038
1.85 -0.452233
1.86 -0.448471
1.87 -0.444751
1.88 -0.441073
1.89 -0.437436
1.9 -0.433839
1.91 -0.430283
1.92 -0.426767
1.93 -0.423289
1.94 -0.419851
1.95 -0.41645
1.96 -0.413087
1.97 -0.40976
1.98 -0.406471
1.99 -0.403218
2 -0.4
2.01 -0.396817
2.02 -0.39367
2.03 -0.390556
2.04 -0.387477
2.05 -0.384431
2.06 -0.381417
2.07 -0.378437
2.08 -0.375488
2.09 -0.372571
2.1 -0.369686
2.11 -0.366831
2.12 -0.364007
2.13 -0.361213
2.14 -0.358449
2.15 -0.355714
2.16 -0.353008
2.17 -0.35033
2.18 -0.347681
2.19 -0.34506
2.2 -0.342466
2.21 -0.339899
2.22 -0.337359
2.23 -0.334846
2.24 -0.332358
2.25 -0.329897
2.26 -0.327461
2.27 -0.32505
2.28 -0.322664
2.29 -0.320302
2.3 -0.317965
2.31 -0.315652
2.32 -0.313362
2.33 -0.311095
2.34 -0.308852
2.35 -0.306631
2.36 -0.304433
2.37 -0.302256
2.38 -0.300102
2.39 -0.297969
2.4 -0.295858
2.41 -0.293768
2.42 -0.291698
2.43 -0.289649
2.44 -0.287621
2.45 -0.285612
2.46 -0.283624
2.47 -0.281654
2.48 -0.279705
2.49 -0.277774
2.5 -0.275862
2.51 -0.273969
2.52 -0.272094
2.53 -0.270237
2.54 -0.268399
2.55 -0.266578
2.56 -0.264774
2.57 -0.262988
2.58 -0.261219
2.59 -0.259467
2.6 -0.257732
2.61 -0.256013
2.62 -0.254311
2.63 -0.252624
2.64 -0.250954
2.65 -0.249299
2.66 -0.24766
2.67 -0.246036
2.68 -0.244427
2.69 -0.242833
2.7 -0.241255
2.71 -0.23969
2.72 -0.238141
2.73 -0.236605
2.74 -0.235084
2.75 -0.233577
2.76 -0.232083
2.77 -0.230603
2.78 -0.229137
2.79 -0.227684
2.8 -0.226244
2.81 -0.224818
2.82 -0.223404
2.83 -0.222003
2.84 -0.220614
2.85 -0.219238
2.86 -0.217874
2.87 -0.216523
2.88 -0.215183
2.89 -0.213856
2.9 -0.21254
2.91 -0.211236
2.92 -0.209943
2.93 -0.208662
2.94 -0.207391
2.95 -0.206132
2.96 -0.204884
2.97 -0.203647
2.98 -0.202421
2.99 -0.201205
3 -0.2
3.01 -0.198805
3.02 -0.197621
3.03 -0.196446
3.04 -0.195282
3.05 -0.194128
3.06 -0.192983
3.07 -0.191848
3.08 -0.190723
3.09 -0.189608
3.1 -0.188501
3.11 -0.187405
3.12 -0.186317
3.13 -0.185238
3.14 -0.184169
3.15 -0.183108
3.16 -0.182056
3.17 -0.181013
3.18 -0.179979
3.19 -0.178953
3.2 -0.177936
3.21 -0.176927
3.22 -0.175926
3.23 -0.174934
3.24 -0.173949
3.25 -0.172973
3.26 -0.172005
3.27 -0.171044
3.28 -0.170091
3.29 -0.169146
3.3 -0.168209
3.31 -0.167279
3.32 -0.166356
3.33 -0.165441
3.34 -0.164533
3.35 -0.163633
3.36 -0.162739
3.37 -0.161853
3.38 -0.160974
3.39 -0.160101
3.4 -0.159236
3.41 -0.158377
3.42 -0.157525
3.43 -0.15668
3.44 -0.155841
3.45 -0.155009
3.46 -0.154183
3.47 -0.153364
3.48 -0.152551
3.49 -0.151744
3.5 -0.150943
3.51 -0.150149
3.52 -0.149361
3.53 -0.148578
3.54 -0.147802
3.55 -0.147032
3.56 -0.146267
3.57 -0.145509
3.58 -0.144755
3.59 -0.144008
3.6 -0.143266
3.61 -0.14253
3.62 -0.1418
3.63 -0.141075
3.64 -0.140355
3.65 -0.13964
3.66 -0.138931
3.67 -0.138228
3.68 -0.137529
3.69 -0.136835
3.7 -0.136147
3.71 -0.135464
3.72 -0.134785
3.73 -0.134112
3.74 -0.133444
3.75 -0.13278
3.76 -0.132121
3.77 -0.131467
3.78 -0.130818
3.79 -0.130174
3.8 -0.129534
3.81 -0.128898
3.82 -0.128268
3.83 -0.127641
3.84 -0.12702
3.85 -0.126402
3.86 -0.125789
3.87 -0.125181
3.88 -0.124576
3.89 -0.123976
3.9 -0.123381
3.91 -0.122789
3.92 -0.122202
3.93 -0.121618
3.94 -0.121039
3.95 -0.120464
3.96 -0.119893
3.97 -0.119325
3.98 -0.118762
3.99 -0.118203
4 -0.117647
4.01 -0.117095
4.02 -0.116547
4.03 -0.116003
4.04 -0.115463
4.05 -0.114926
4.06 -0.114393
4.07 -0.113863
4.08 -0.113338
4.09 -0.112815
4.1 -0.112296
4.11 -0.111781
4.12 -0.111269
4.13 -0.110761
4.14 -0.110256
4.15 -0.109754
4.16 -0.109256
4.17 -0.108761
4.18 -0.10827
4.19 -0.107781
4.2 -0.107296
4.21 -0.106814
4.22 -0.106335
4.23 -0.10586
4.24 -0.105387
4.25 -0.104918
4.26 -0.104452
4.27 -0.103988
4.28 -0.103528
4.29 -0.103071
4.3 -0.102617
4.31 -0.102165
4.32 -0.101717
4.33 -0.101271
4.34 -0.100829
4.35 -0.100389
4.36 -0.099952
4.37 -0.0995178
4.38 -0.0990864
4.39 -0.0986578
4.4 -0.0982318
4.41 -0.0978086
4.42 -0.097388
4.43 -0.0969702
4.44 -0.0965549
4.45 -0.0961423
4.46 -0.0957323
4.47 -0.0953248
4.48 -0.0949199
4.49 -0.0945175
4.5 -0.0941176
4.51 -0.0937203
4.52 -0.0933254
4.53 -0.0929329
4.54 -0.0925429
4.55 -0.0921553
4.56 -0.0917701
4.57 -0.0913872
4.58 -0.0910067
4.59 -0.0906286
4.6 -0.0902527
4.61 -0.0898792
4.62 -0.0895079
4.63 -0.0891389
4.64 -0.0887721
4.65 -0.0884076
4.66 -0.0880452
4.67 -0.0876851
4.68 -0.0873271
4.69 -0.0869713
4.7 -0.0866176
4.71 -0.086266
4.72 -0.0859166
4.73 -0.0855692
4.74 -0.0852239
4.75 -0.0848806
4.76 -0.0845394
4.77 -0.0842002
4.78 -0.0838631
4.79 -0.0835279
4.8 -0.0831947
4.81 -0.0828634
4.82 -0.0825341
4.83 -0.0822068
4.84 -0.0818813
4.85 -0.0815577
4.86 -0.0812361
4.87 -0.0809163
4.88 -0.0805984
4.89 -0.0802823
4.9 -0.079968
4.91 -0.0796556
4.92 -0.0793449
4.93 -0.0790361
4.94 -0.078729
4.95 -0.0784237
4.96 -0.0781201
4.97 -0.0778183
4.98 -0.0775182
4.99 -0.0772198
5 -0.0769231
